0.4971238456790755
0.4971935025936331
0.4967933659877564
0.49831078263595346
0.4977046158395086
0.497959593094658
0.4985628254516643
0.49829803793420374
0.49810273247421816
0.4980319909890863
0.497897130917451
0.49884070262899505
0.4975660083785178
0.4971845197112668
0.49822815645239993
0.49812349967790015
0.49791199374024786
0.4981738283240298
0.49801011803671824
0.49766003145480575
0.4968327246447375
0.49851065494633845
0.4985830804226009
0.49822676814370476
0.4987938345407541
0.4971860576797315
0.4974665744834179
0.49770933406765294
0.4981243544861836
0.4987809261786303
0.49717620312422467
0.4984805988507982
0.4977857765145485
0.49795179924230465
0.49803025669716205
0.4976543876454367
0.4979403091830881
0.4969658999082726
0.4968726537685839
0.49864625522677003
0.49810584450311496
0.4972352704769558
0.49844074175660774
0.49806593167196983
0.4972808014020259
0.4976155578184465
0.4984614308056876
0.4975761468240409
0.49791157161936395
0.4982884871693873
0.498649866061024
0.49824552387103205
0.4969285298925329
0.49792760138007636
0.49724906667692476
0.4983338005703462
0.4976552529134451
0.49764721665581774
0.4982525355508997
0.4970083769133873
0.49762703038822986
0.4981261555500436
0.4970592147701079
0.4979250752294419
0.49800145765742493
0.49792463276228577
0.49822148415672934
0.4985917859937164
0.4984453034654862
0.4979253458366656
0.49712232235576875
0.49840883221260746
0.4983589966946915
0.49831090953558327
0.49799266131803205
0.4988499390309627
0.49757746332639186
0.49672191153038403
0.4972535946137687
0.49742771572958483
0.4976361992822877
0.4983362497260371
0.4971563015389951
0.49813698665736067
0.49669872504414814
0.4984867751644139
0.49625707383273465
0.49882531925334195
0.4972755637250183
0.4971449639719014
0.4977892722309915
0.49659675851259566
0.497427348426084
0.4985363869747603
0.498022623130763
0.4982262847369333
0.498473537202661
0.49841242026928295
0.4988913344061171
0.49842450764349744
0.4979541414306431
0.49752630736633013
0.49759745752349566
0.49678372744433186
0.49756454188347443
0.4975260326793271
0.49735175688122235
0.49847265712678485
0.4978521531852669
0.4981804736279743
0.49608981311941175
0.4987648671521851
0.4976270577578682
0.4976428743651836
0.4974388672059278
0.49667804002080995
0.49725765438056785
0.49756519994869486
0.4977356496887171
0.4974575266902114
0.498230678912277
0.49808772870163165
0.4985904586993451
0.49709354378781134
0.4970092797122321
0.49776976727134054
0.4979174890178576
0.49768820554356724
0.4978095760642091
0.4970473891878623
0.49887621152605593
0.49791703098676304
0.49771070518518146
0.49754742190229656
0.4974889795765275
0.4982934772716752
0.4982294861849839
0.4976224553300952
0.49799326910977737
0.49776873775291236
0.49815203415277043
0.4982822542189027
0.497990289074757
0.4981234171696031
0.49846135356943577
0.4983967167125251
0.49757318630942404
0.4987304254791847
0.49769885858081553
0.49663531769888236
0.49753653483360966
0.4964590946396585
0.4981415316588132
0.49841989797136804
0.49678407545630565
0.4979140059801742
0.4968780541091005
0.49763909465256545
0.4973763946095106
0.49716572306345636
0.4978591990400573
0.4966123572607145
0.4960243469175995
0.4983456459951464
0.4980763215510315
0.4985879629828952
0.4974115744077028
0.4965118627329667
0.4974993663132604
0.4978024362482984
0.4991460074458888
0.4983534545386777
0.4969346299882639
0.4967183338054689
0.49748642542005855
0.49843937031663094
0.4976896487908484
0.4978644302724474
0.4970370325896552
0.49826354607142415
0.49860287214122034
0.4980128300006906
0.4971027288320145
0.49696521752432843
0.4976692399404501
0.49742297723250234
0.49799017666948026
0.4985731118492778
0.4983013989529584
0.4985872615229517
0.4967935575996628
0.4976003671641903
0.49858988590187764
0.4983070066200879
0.497722598485189
0.49858033533607626
0.49807792427866737
0.4979786667543209
0.49787851199449756
0.4975234104716025
0.4963564068026775
0.4975832535393041
0.49771122519988037
0.4971105948958556
0.4980723141175492
0.4990831137619597
0.4976599972027735
0.49788402960894196
0.49804857820998016
0.49828826715675795
0.49864803831273147
0.4974881092348144
0.49677529423635186
0.4980221520784557
0.49775408238569785
0.4973385479069737
0.49834658888526706
0.49864778543133326
0.49893679041454453
0.49752391252514405
0.49826618254470717
0.49823372390102044
0.4979345086275012
0.49962032536290163
0.4978837840078628
0.4978835020557192
0.49810990554232115
0.49818176369931183
0.49743942198311547
0.4979987083140752
0.4967830023631346
0.4982506580536066
0.4980872909145131
0.4981330058120496
0.49764690856475285
0.4983176822278336
0.4981888025296372
0.4960599899601661
0.4967696996439502
0.4977844758560757
0.49814270425721224
0.499150052296795
0.4977015381045313
0.498557692397924
0.4982155183564417
0.4983450905968926
0.4988120148904524
0.49697882968288926
0.4979878492435807
0.4982784593913688
0.49883996159062755
0.4983908434427682
0.4982510528152783
0.4983602871095121
0.49707439001365633
0.4976119338145336
0.4970819402889105
0.49697312750944583
0.49733066847379026
0.49792822346363735
0.4974987278513672
0.4978346253832454
0.4980143116270131
0.4987237912662266
0.49776212683787663
0.4978188335633416
0.4983107069001181
0.4975473441459466
0.4978326004329301
0.49836660810352484
0.4982320710984812
0.4984188902614861
0.4978814917388629
0.4969918718594372
0.4968810304776803
0.4969200744840318
0.4981635624914164
0.4986865622889879
0.49852816647790177
0.4985715944107857
0.4978140472136985
0.4982599890380065
0.49842119788746875
0.49857771852602334
0.4978454761871563
0.4977559844073953
0.4978321173958376
0.4983013593671334
0.4976036292093144
0.49816043032963525
0.4976988300866654
0.4987662336451861
0.4980375058379963
0.49723180001944367
0.4977098284763865
0.49771084076956085
0.4989171534618594
0.49700348986609105
0.49759314432576046
0.49628673482736796
0.49848245091499577
0.4969255462868291
0.4975753785119192
0.4977284472429452
0.4981278542792928
0.4969214171641384
0.4973117816582291
0.4983244916901347
0.4973523828012754
0.49680727188142115
0.49854614719362605
0.49756700691402184
0.4978738148818681
0.49814429543251526
0.49872139887290395
0.49722916849219956
0.4975583161390253
0.49830399862195934
0.4975219777112474
0.4983872736742378
0.498426617136456
0.49808942454576216
0.4982845072511721
0.49848150618881254
0.49629223616108287
0.49861455726265375
0.4984399515318172
0.49766514948104856
0.4977135042974349
0.4983902851692789
0.4979629883666326
0.49778298772147356
0.4977932506961569
0.4979714422325201
0.49764134381682457
0.4973917949890505
0.4976550662535197
0.49812051512950667
0.4980371169413294
0.4970865732150692
0.49822302379416433
0.4990324681521551
0.49776202919544893
0.49753845986885203
0.49722358155973173
0.49882164427959064
0.4969888319641255
0.49810395085545384
0.4983046551356591
0.4980137912902035
0.49847203158506675
0.4985452955067892
0.4987898333273142
0.4964674422806317
0.4987137435525547
0.4983588510408774
0.4979830562106802
0.49755506079115414
0.4976690925657577
0.49836752227318415
0.4985542472448017
0.4974018368752106
0.49782629258427996
0.49726420862596044
0.4986677178047437
0.49769474802807706
0.4983563203066398
0.4974600348477465
0.49893997338918356
0.4990783494371017
0.4978598880604493
0.49767133021995225
0.49741329525647693
0.4956611339130434
0.49781396259332716
0.4982992726425979
0.4984891408104806
0.49865271212998874
0.4974312648785972
0.49760975626449855
0.49607139067450795
0.49751486814954876
0.49767994966004336
0.4983301871227171
0.4977469191767295
0.4983203554726818
0.49806927738619705
0.49757399439003436
0.4986263846740119
0.4980827477960588
0.49763283225111576
0.49856561440897557
0.4980778551797668
0.4989462603769116
0.4991913909438151
0.49701433014000324
0.498179501364038
0.5001595963828878
0.49719445316302974
0.4970281280745301
0.49707894649900963
0.49730389458051866
0.49789028898644144
0.49853532059354005
0.4980242557079312
0.49745167895235504
0.4984868944580783
0.49786195117706505
0.49891640834048406
0.49769755846159425
0.4970490243871375
0.49819029593320757
0.49790754536636456
0.4986949319771023
0.4981715818603257
0.49702341669787903
0.49843866498576894
0.49799518686791416
0.49701641509634314
0.49736590488239946
0.49798712923824223
0.49767709432507223
0.4977388687462254
0.49671231175864206
0.49797233345189496
0.49831049998737087
0.497654984460791
0.4974169416192856
0.49888694049704846
0.49790124740439273
0.4985720804448882
0.4972735840330914
0.4982139229147167
0.49806267768495105
0.49803344328394245
0.4979805558912026
0.49752741448301235
0.49817687722321735
0.49718952350861584
0.4976180132528136
0.4971387517979394
0.4972624441001839
0.49776945201490325
0.49794335334457807
0.49750295134904016
0.4982481510393976
0.498403831735947
0.49842467969982257
0.4984194298770944
0.4971930624813599
0.497678571665316
0.497320785486639
0.49844272717217514
0.4985188075473419
0.49880216247592996
0.4973513074613928
0.4972686681618442
0.4978723612135472
0.4986586586708227
0.49693919966406264
0.49798332608384005
0.49739711030085015
0.49810449305935145
0.4984814294678544
0.49772996090202093
0.4976259282588007
0.4980435140855721
0.4981973910509384
0.49677468244748574
0.49842448308023163
0.49823360215623475
0.4975390062507139
0.49939538114096066
0.4957200699134023
0.4959413110311478
0.4983901754975484
0.4967537223954676
0.49816275682121236
0.4973642650107225
0.49653096859105195
0.497606468965054
0.49878527174610615
0.49844162976391004
0.49763319305816484
0.49782869055516893
0.49830936631428574
0.4974767607126859
0.49768931171021163
0.4976098381637965
0.4972555429545988
0.49761657530154585
0.4983707833430163
0.498085416478048
0.4976001553711592
0.497076436937592
0.49706151488644545
0.49816863971763264
0.4976995393614096
0.49787023055926105
0.4977640840772465
0.49805748103876396
0.4978871596377127
0.49837810326241716
0.4971690501673629
0.4967788511553577
0.49789224555375067
0.4977468389473797
0.4977328899659743
0.49815092094136465
0.4976779133177974
0.4976246672358762
0.4975681127715547
