1.5017036707108646
1.4990635983744673
1.5025244623482257
1.5010744519328343
1.499912275591594
1.5011942992707845
1.5002212784557216
1.5008044681670958
1.5018509009939232
1.5017776829187224
1.4995747838926345
1.5000283356740771
1.5005302496075295
1.5004626334882563
1.4972007484208971
1.5004332843340895
1.4997053372294373
1.5004545421954874
1.5009023884616548
1.498333417854392
1.4990657167052681
1.5005803502133424
1.5006940351682132
1.5005675092743254
1.499630204098016
1.5003266227549423
1.4990158587708262
1.5007969465932935
1.5004946629535219
1.4994941415869272
1.5045193331472435
1.5022374836714356
1.4985172890286123
1.5015455096812103
1.4986518122479402
1.497609616426711
1.4990569686947648
1.49920547155859
1.49939346020638
1.5018511270455601
1.4992279545857052
1.5004086881618344
1.5005807255045958
1.504302190000869
1.4995002183876713
1.5010371944262142
1.4992018509048934
1.5009293272778712
1.5013330092191937
1.4988041303709434
1.5035108939244728
1.5007191333596595
1.500438062231748
1.499296566017665
1.5027689107741578
1.500227686029018
1.4996769729034614
1.508944541362712
1.5045694233310007
1.4999867265508215
1.5006419817459167
1.5007986867515757
1.504111331687796
1.5004361529136785
1.4995649502092063
1.5005208632647744
1.5008394162796173
1.4987321813069374
1.5013684077453144
1.5018549147063565
1.498790750413713
1.499879586500783
1.5106914347624414
1.500712145385539
1.504962470248293
1.5020359515526645
1.5004055409959764
1.5023879580589528
1.4992072610520537
1.4974145102650536
1.5005818312986352
1.4995659885955905
1.5010661245063965
1.5013205376607857
1.5012644349751425
1.4986411753880617
1.5019971696599184
1.5082902247939154
1.500224128079384
1.499968144060085
1.4995929294727437
1.49989714971596
1.5005941873869397
1.5001830868370538
1.4983222302348376
1.50026394984179
1.5011506398167271
1.5010339559047536
1.5001315087961955
1.4995112718759125
1.502355052111411
1.4960690114924993
1.4987334369203882
1.5003000367881572
1.5006138864740453
1.5013335558013787
1.4985371417182693
1.4995034902033912
1.5007956730468373
1.4994883796169995
1.4998140795946784
1.4994714219266674
1.4996602152664709
1.500680861573858
1.5001440226863474
1.4995793875981767
1.5029340059051362
1.5012852554212421
1.503164066070751
1.5009247253547287
1.5018127966853845
1.499276166568042
1.5020998682801308
1.50083287122132
1.4979577645407671
1.5009930687326496
1.5003259893095686
1.4989100045257562
1.5002205765836352
1.5000421437333356
1.50058751974338
1.5002076436064116
1.5004328503855382
1.5001753413212482
1.5031241596412601
1.499990737505086
1.5034616856850231
1.499383782408444
1.5026050216285183
1.5008402626382717
1.5008439563421223
1.5015861904820704
1.500791339442805
1.5005738486902576
1.4993682322464574
1.5010291206766828
1.5036050776887788
1.498593269230791
1.501728172969849
1.499734840890409
1.4990377935071344
1.5013506010156958
1.5029393991265776
1.5010359982187946
1.5011379024219216
1.5022016052673246
1.4999353866835161
1.5002620635181836
1.5005123571937153
1.4993838307331755
1.5016863809778405
1.5016805463329488
1.4989415833257025
1.4994873680886278
1.5028224068741383
1.4998994169741993
1.5009781210697088
1.501470697571205
1.5011009225780234
1.4998639666490945
1.5024958656181004
1.502707152262065
1.4999017863513304
1.4967674482892357
1.50045459951552
1.5001772531301762
1.5003214952981199
1.5003120675360118
1.4996419534222707
1.5003116602004982
1.500922904199576
1.5035703299735226
1.5015931391408082
1.5024584900097417
1.4995431961845522
1.5005363569702337
1.4999420703424717
1.4996054413218147
1.501024536138832
1.5002738012147623
1.5028321065331014
1.500131123083901
1.4993122620932067
1.5011685157253953
1.5065305004490808
1.5010495731943414
1.4959582271031664
1.501197900714752
1.5018851704019769
1.5005210514698843
1.5020638210041988
1.4992763603854635
1.5000209297787728
1.5014694739455041
1.502169814901159
1.5004970224819723
1.5029885543720851
1.4989223504929148
1.4991542755581742
1.5014828796004582
1.5021188735303834
1.5045495334341672
1.4999211569668696
1.503736104516859
1.500475144819128
1.5021920796906665
1.5010760204710507
1.4998285629088004
1.499963025324427
1.5015797594990368
1.5021210491898884
1.503073014144912
1.4963487265059272
1.5005272134829408
1.500817541021606
1.5007177091958852
1.5019893613966986
1.5003152843368062
1.499773820870122
1.5001270706462964
1.5013550415151868
1.4998859660950894
1.5055371731141585
1.5028705533171642
1.500786923748983
1.5024070288520361
1.5017777430153603
1.5013146046075472
1.5009483433287572
1.5017333518767995
1.500522013828047
1.494600108302809
1.5001619871483984
1.499941289618049
1.498582385962014
1.5003718285699579
1.500481293907726
1.4987556904227295
1.5003461703942194
1.5005616939408768
1.5007662553936123
1.5059980054515585
1.4933681070962772
1.5008752554376823
1.4996740584335135
1.5024407306128318
1.503088560207102
1.500691174410122
1.4987335430645161
1.5013100544137457
1.500246137455193
1.5023097534679306
1.5014785106640738
1.5009525777995305
1.5032799001876045
1.5035641752845714
1.5017695454390592
1.5000497741204353
1.499996841660722
1.5042252552430389
1.5018376920982102
1.498052811208737
1.5025615986855843
1.5004777713151736
1.503662660689907
1.5009936307292193
1.5002308535950746
1.4979038969611096
1.5005910541180263
1.5007473931860909
1.5006843145960431
1.5012883136645885
1.4998064600950634
1.5085996599188334
1.5012977234155185
1.5035170849441033
1.5003359315210885
1.500465082823728
1.5066826984338426
1.5133846782478853
1.5002777330370338
1.4998350845047552
1.4983200222013997
1.499148523660776
1.5008020282764598
1.5010782139011858
1.5013325610951676
1.500355627199399
1.5003709648352088
1.499807355126542
1.4989382888793832
1.4998151364083738
1.5007747537926641
1.497650545876489
1.4995415709478066
1.5010307438059656
1.5007097660902664
1.5005420632285986
1.5009608555022682
1.5014547993263967
1.4964102837636535
1.5004463151162932
1.4997840251004002
1.5017449474354614
1.5001474352104958
1.50102128753738
1.497556520047874
1.5057026660035828
1.500199637338464
1.5002360265632806
1.5003756922056195
1.4989422836922335
1.5035212059438958
1.5019730624849044
1.4992327392887999
1.5009911627384758
1.5002029334713012
1.4998360340862569
1.4992965727176597
1.4996364479381177
1.5021930859282668
1.5005523637813705
1.5037185337110826
1.4988861500214212
1.5001949387961022
1.4999134113969002
1.5019475404795153
1.5013262669934746
1.500004303375852
1.5008921262421624
1.4995643290330347
1.5019277333303014
1.5008781927549228
1.5014503741635834
1.5001564764361939
1.4986928323977653
1.5007679901278328
1.4997960253730362
1.500125037773342
1.5016100107368129
1.5009829347565247
1.500076105358368
1.4944707354887603
1.4998588615032806
1.5010478892427246
1.5028583113425673
1.500682185909545
1.500714839782466
1.4994889262900493
1.4997470275911935
1.5012011707383064
1.5002574526600716
1.5000685984078244
1.498737941969911
1.500700749388368
1.4994307138538019
1.507242071536042
1.5001481344967216
1.5050431596176777
1.5013642376678584
1.4999102990020132
1.4992808783894165
1.5017038461556513
1.5014334602209576
1.5008365403244752
1.4999854358254674
1.4995430752876189
1.5022294861725334
1.5013012193068334
1.5002733212473343
1.4996744997531237
1.496662833708613
1.4996343294130952
1.4994322875649566
1.4996828782061413
1.501863696705943
1.5005096283035806
1.5001711920213816
1.4998480622254902
1.4992922092647405
1.5021133103659787
1.4998889444600687
1.4983699820259302
1.4999023667604705
1.4993279251114031
1.5002204546052544
1.4993300009375503
1.5001415298497798
1.4996489672686308
1.5005285568783144
1.500932890672387
1.5003361650053955
1.502288008579484
1.5018675795447358
1.5029109980077957
1.5015280326703777
1.5010927763558157
1.5005291537030965
1.5008236239212729
1.4997548286297566
1.4999643322804581
1.4987833513752125
1.5001849156126925
1.5001708445487327
1.5004241268670164
1.5004056300183726
1.5012623691820455
1.4998152863980614
1.4990776874460792
1.5027229521689867
1.5045930831314056
1.499973976332199
1.4988586186024753
1.5002092133544496
1.501432036010122
1.5001205100210617
1.5000226351493102
1.4995843455386355
1.5000188682349063
1.5000995684423564
1.4993650161971592
1.500418319867076
1.4993518611469392
1.5018649576813592
1.5019977847593047
1.4999590730553332
1.4990133157922394
1.5011399529842917
1.5010770051801778
1.5076308247473194
1.5004182547403782
1.5015807672334205
1.5018143653738847
1.5001328374704206
1.4912300524120683
1.5040055620584858
1.4996579589463443
1.5018316859686605
1.5038348193085949
1.501560045583328
1.5000939298663993
1.50012693071904
1.500203268539253
1.5028595094483357
1.5014757709751985
1.5058667907646228
1.499028928487578
1.4997055403116268
1.5004175783587805
1.4994539360960755
1.5001602506772722
1.5004178615759685
1.5006616232964918
1.5001592411933535
1.5008241607504047
1.5016228243904188
1.500200202057613
1.4999693174811066
1.5006860282910077
1.501568805360681
1.5002459080532466
1.5018814530394884
1.5024411923223286
1.4998931286293606
1.5017191997626862
1.5016255897843325
1.5021219150787235
1.4993972769100368
1.4999475976056238
1.4997551551945267
1.5019216331778396
1.504079279320818
1.5017126964593868
1.4995153488159358
1.5010478100959757
1.5001341289201844
1.5003741196999973
1.5013043245212654
1.5011003695655916
1.502142711658573
1.501296909935015
1.5012638080462013
1.5003497666374448
1.5022040254290372
1.499410388731676
1.5008028662387296
1.500704504570154
1.4990703813215251
1.5018356924914533
1.4994320272287873
1.5038941788246796
1.500094492680141
1.5009951156872319
1.5021815277971737
1.5024403466217569
1.4998305916164316
1.5002257511209873
1.5003641522122886
1.5028583347926863
1.5009871272040627
1.4993648734089833
1.4997936446440903
