1.5000225008581165
1.5002051628408593
1.5000514567989034
1.4986265328077955
1.4991546208164255
1.4998705786861317
1.4991727631409066
1.5002540198966294
1.5009360712527322
1.5016636622766897
1.4996185770772763
1.5017898593389063
1.5010545083665618
1.4993909582519642
1.498934869589605
1.4998522336568074
1.4994955461561335
1.4994117877506574
1.5002748620622126
1.500981504908518
1.4982660895215774
1.4984774197743382
1.4994211306960767
1.5001933547377024
1.4997321263885433
1.4990776313233538
1.4998087065692827
1.499588666071303
1.4990427090502099
1.4999310196616482
1.5009065659295848
1.50125566260243
1.4994775668700704
1.5011207027404296
1.500709534747105
1.4994279153428993
1.501186144897134
1.4994426355294945
1.4997584542532219
1.499526517948344
1.4997249035787048
1.4999835057917357
1.5001042886296339
1.5001379103171195
1.4994074459889999
1.4994947407456152
1.5015673912949294
1.500830589682738
1.499873619550157
1.5006287698716008
1.499852842235927
1.5004839903876617
1.4994851686006438
1.5007899793277932
1.4998537521569504
1.4994214910631702
1.5001910230798967
1.4986021192398564
1.499063418041355
1.5002917087197476
1.5011060993338134
1.4990032976478613
1.5016178461746685
1.4997665901623825
1.4994521814811619
1.500123458211271
1.5010886330861235
1.501556031080278
1.499882392231433
1.4989894359830145
1.499984838481137
1.5002547957397672
1.5010773698286837
1.4995232485713295
1.4999266448708428
1.5001804768339329
1.4999893768254322
1.500288221836183
1.500425768107268
1.498793445018468
1.5004055870233914
1.499809777890511
1.499416973246327
1.500389242137438
1.4994592033706766
1.4995267782854507
1.4991166506853286
1.5002038734810812
1.4997242594172904
1.502278863557665
1.5016992495011114
1.5008797248450256
1.4993215404807776
1.4993187213819688
1.499940971577982
1.500300286996262
1.4981847972391842
1.4996153190961223
1.5003242170022362
1.5000735407276877
1.5001651721147777
1.5011775000028502
1.5013701710784029
1.4998210546918167
1.5001769137360028
1.5031949536945837
1.4993351989100854
1.5010352410327834
1.49981238012669
1.5003024564521925
1.5000730582331685
1.5001940319206264
1.5002317192241483
1.5002583886671437
1.4990956104729523
1.5003335837093004
1.5004738499821528
1.5002223711879195
1.5005671647502516
1.4992691834467988
1.4999644052420391
1.4997660978361222
1.5000996267687017
1.4998300892510361
1.4996933570607578
1.5002565155943295
1.4989917766991305
1.4991740291097388
1.500023236154216
1.499309690664887
1.5008086945394448
1.4993534549431298
1.4992939977614903
1.4993037986301692
1.5009561790090766
1.4997085212654222
1.5003973282591938
1.4991100122113363
1.4999006984646852
1.5004227326018458
1.4994286663452099
1.5007853319531579
1.4991759696401072
1.5000362211271872
1.5005703790271139
1.5007725035892523
1.4994185393511017
1.4998774750698416
1.5009167451415175
1.499794495031982
1.500065142633102
1.499869592570709
1.49955841074052
1.5003669105055866
1.5001695181512449
1.5001428567705712
1.5003575480571971
1.5008022538336183
1.499873094618679
1.500237551216817
1.5008212126327396
1.4997547718876418
1.4997713687030945
1.5009262269924901
1.499266479292622
1.4988697632849586
1.4997977253250059
1.500419114817716
1.500827771703848
1.5003000378502156
1.5000993890708514
1.5023922681757838
1.4997442246018675
1.4998140788848886
1.4999051213524957
1.499957955905061
1.4992805311306328
1.5001434203135657
1.4991654128425966
1.4995122557143168
1.5011334072656857
1.499386091142259
1.4999389638219174
1.5000117369415351
1.49917668872085
1.4995117944329563
1.5002662656725811
1.4991000424154868
1.5009691477401017
1.49877604945138
1.5001094169398177
1.5000412835248074
1.4989192242443132
1.499792703354288
1.4992147772643067
1.499767841449429
1.4995745362392876
1.4998200648850328
1.4999854535930877
1.5019888854042818
1.4992779089592423
1.4995884078051247
1.5015170027440254
1.4994556407954502
1.4999303759514901
1.4994767215276394
1.499962055647358
1.5002503316002482
1.5007484411249619
1.499888739981755
1.4999681263855644
1.499690349974955
1.5002131497261633
1.5003777505922518
1.499174946821115
1.5009364333674164
1.4994368700984972
1.5003691962805583
1.5002831226274915
1.4986917068888619
1.5003705077856526
1.499517389327023
1.500334774955036
1.4996027240410927
1.5002561105994485
1.5007987833052203
1.5009063050651705
1.4997831620072386
1.5005031677932061
1.499361144674038
1.4980166348593045
1.4995529802008514
1.5013638492454473
1.49911241367975
1.4992290929396936
1.5003587197924955
1.4999641839441398
1.500139251917202
1.5001472823980233
1.501233861438162
1.4998619650957634
1.4996892728441908
1.4990636021424089
1.5000192424156384
1.4996083475408049
1.499468432840744
1.499808955016048
1.5009068560222596
1.5005737782247537
1.4989978792091743
1.4994259851323701
1.5001141820399122
1.5019214236787268
1.4997137665631
1.4995015006736454
1.5006124339869717
1.5007992029007489
1.5015113799124113
1.5002527419939276
1.4991617201731793
1.5004647772557311
1.4999880399806265
1.5002844632255483
1.5000993710049133
1.4997433247959484
1.5006105032419237
1.5005448072195562
1.5003134709754533
1.499230399957412
1.5000029458678237
1.499677270896039
1.499352971338703
1.4987070033252288
1.5001646965609874
1.4996065469752469
1.500294764447709
1.4996477519407891
1.4998023440719126
1.5002778805336652
1.4998263656974637
1.499772660607712
1.4986797862883978
1.4991514752974655
1.4999179658390727
1.4991168000426114
1.500552048730572
1.499797902278228
1.5003632585923894
1.5001782179040617
1.4995240405041175
1.5006849386734893
1.5006460439803238
1.4997143503418502
1.500332910848239
1.5001244256418815
1.500404992358325
1.5012329471888939
1.498959254445742
1.499792323274819
1.5012050234847054
1.4978754911717231
1.5005915568196995
1.5015510120127151
1.4999719288915878
1.498862410341657
1.5006592698393184
1.4999517536183975
1.5000173420673493
1.50193792331908
1.500065175357248
1.4992668551986943
1.50219959520882
1.4996685360298707
1.4995628668143057
1.5009616952827116
1.4990391961424698
1.500571799634252
1.501181386439581
1.4995034879982223
1.4999885351358873
1.5000226652290323
1.4998716829207488
1.4994070882376553
1.4989846565356073
1.4996783111314005
1.5002164643526814
1.5012190465358755
1.5004113471246052
1.4986171426902257
1.4994361554154663
1.5000928918625376
1.5027993191150621
1.499652358977533
1.4992151560931657
1.4973718373458333
1.500201510980456
1.5002688352985851
1.4990765799113885
1.5002711289848605
1.5001736657189029
1.5013157709832228
1.500656138907224
1.5000405969336803
1.5006789848423834
1.499941901825441
1.5005070516423173
1.5012358087909257
1.5001736468631075
1.5007308497934657
1.500039328343804
1.5002904681449614
1.4999615853912893
1.499226724021866
1.5008917025901467
1.5009858030862822
1.5006749912312913
1.50022532771576
1.5004380486793358
1.5002521455342457
1.4998218967799897
1.501204018286115
1.500076495703975
1.500059783847754
1.5002663117268593
1.5010045294670227
1.4982400216601195
1.5005821601701468
1.501250769081856
1.500029142087399
1.4985965361361056
1.5002758242579488
1.4995978543969266
1.4996056231200765
1.4996742927749287
1.4999996901875077
1.500808887016227
1.5010877421731357
1.4981540687037025
1.4998902427182674
1.499422687713019
1.4989704764116087
1.4997080125423088
1.4996998323960296
1.4999698860227013
1.4998845678557822
1.499957378830076
1.5004942864826338
1.499446353536783
1.4999726106912763
1.5001842670424161
1.499740111501207
1.4996017745857393
1.4990214427702104
1.4993586006123834
1.5002828173913394
1.499775678009602
1.498713309440976
1.50045339807662
1.498636628376703
1.5021175816810435
1.5000737381031457
1.499149088952678
1.5008188117653696
1.502332326962432
1.499079050749367
1.5026126024325472
1.5001291686265388
1.5002712450372113
1.500356999209894
1.50038468033771
1.4994509525969264
1.4997666148865108
1.499187851004723
1.5011720303933214
1.4997125155155573
1.4999324282192592
1.5005689140145997
1.501374014781842
1.499858284010226
1.5005501211895582
1.5009068998742747
1.5000992692517667
1.4998116532062125
1.499441725649246
1.5013223026319933
1.5000471946416511
1.499216629121317
1.5003625303477568
1.4996617583072236
1.499665044419646
1.4992474443521815
1.500755686431495
1.5014344668045094
1.500131611331026
1.4993419910466421
1.4996153925730267
1.4993950956808744
1.4998383057667315
1.499261621985695
1.500323434084913
1.5009551553030653
1.4993620243208894
1.5001153627716821
1.500897335647373
1.498850378204011
1.500829220136906
1.4997725195393656
1.5001674844862691
1.4995267521497158
1.4996030218625167
1.4996101351920685
1.5002583512335605
1.500038439608923
1.4991498801843388
1.4994007827103
1.5009758656056469
1.4987182937211134
1.5013710472475807
1.5001306617852321
1.5007511427510882
1.4985447721725018
1.500092059227315
1.499433525253692
1.4995261887331208
1.4994594290262628
1.5015234361702121
1.5004565328742214
1.4987977433128377
1.4999951361299242
1.5008696950584497
1.5008563709746525
1.4983056627911433
1.4999574571994256
1.49969521293349
1.4993143208335187
1.5001126183183888
1.5004227133685222
1.4993818411892605
1.5005554503067526
1.5007419598298353
1.5019894555702222
1.5006461039809005
1.4992541564434327
1.4989418658546776
1.4992447968110916
1.500624732747348
1.5017743575334463
1.499975507432206
1.4996574929111168
1.4989164638341657
1.5009110688638372
1.5028841185348332
1.5011062337383339
1.4997303685122123
1.499755617346055
1.4990707750392602
1.4991089095295482
1.499972347894185
1.500468860292447
1.5003313314135838
1.4989056680314587
1.5005332128283282
1.4992508874616204
1.5004049969701876
1.500031211389195
1.5000480386521775
1.4999562653568543
1.4997054681334052
1.499088387047035
1.4989836561557723
1.4996347603116384
1.4989709694916042
