1.3429032601991415
1.37663102306729
1.335398607963993
1.3439596674909833
1.340899555746972
1.2930733599665312
1.4779705319600402
1.4224385290114205
1.3621061270300023
1.3816921623369374
1.4287689326728736
1.3971834095646523
1.5123990855368195
1.4072222624790185
1.4285746679773794
1.409775835673518
1.3949977855555027
1.392886957290574
1.451214500884636
1.4692340079857718
1.4307946020443478
1.4119868469242802
1.4419788014277668
1.4257428228246887
1.4443412627491994
1.4914300721071976
1.3825679301426579
1.4267643959423608
1.3671025018545229
1.4116692206175148
1.5050626172910448
1.4213067523068548
1.4571231364931807
1.4166539368804671
1.405970263367774
1.3849822885056955
1.4724744015833897
1.4769299401406757
1.3709216083252758
1.4305994173711432
1.428917194786634
1.3667322047205754
1.368705013916169
1.3693382018185591
1.3602569244414078
1.3468945566050965
1.3741533207948373
1.4033427396917741
1.423371702198749
1.3838914283419825
1.3468904868302325
1.3999044051094032
1.3408380194509073
1.4009776153354625
1.3448106451765285
1.3000558775436335
1.360807918982902
1.3918782877300566
1.4441742875637196
1.4192481975922855
1.3954608433760363
1.3817210979348367
1.442661022504742
1.4679198617329237
1.4101398507472904
1.3686825682391799
1.3767414210165438
1.3724354215122936
1.3721773454199866
1.4018637982706672
1.4104926546057341
1.4833523617937754
1.409249201131245
1.4078988950912663
1.3325506706440726
1.4450302216762452
1.3722766448301345
1.392792624738764
1.4067173893506046
1.3727158329332807
1.370252542444002
1.3751920979457237
1.389076089061751
1.4064948246395368
1.3434350226481282
1.365583559534198
1.2978020733601343
1.3955917275380614
1.3921448128595801
1.278650658001573
1.369986190515715
1.3511957346190833
1.3957260559285762
1.431808345487344
1.422038764822565
1.3319460434754373
1.3944851873371231
1.4392148016149116
1.351537776070247
1.4170927642157054
1.3760217279710483
1.3313951754677875
1.4658455175971974
1.4176734565459714
1.4698013207570284
1.402576483414754
1.4235107756327126
1.4489585733726682
1.411563180073366
1.4335660545024822
1.4237760529828207
1.3682610715400494
1.3977061151663008
1.4002644416379502
1.3730249499703877
1.453758771049167
1.3366508663850702
1.3968457393063256
1.3375144757560937
1.3780448281776727
1.410296194230283
1.3479789285737822
1.3994131077267735
1.4095105333345637
1.3166529726743559
1.404311969633378
1.4251498847243054
1.4676273503774646
1.427029304815213
1.4082079085803527
1.3341825421143156
1.3307285410741765
1.4343412845045262
1.39510084009896
1.395903630940549
1.4115805355598925
1.4167046411234943
1.514552906435729
1.4106308730819552
1.3904028330532854
1.278160206782867
1.3339709976472829
1.3795647153176003
1.3901402245127727
1.4575983582973189
1.3816481798522853
1.3866293980461646
1.4097936859387215
1.4278116208815903
1.3622266191420314
1.3557047143119823
1.449365997929188
1.3451039431774248
1.3624482070041677
1.3382978674966595
1.3505784872857511
1.5003674763709125
1.4750703625515964
1.3965848090515203
1.3954540527125332
1.390166766574192
1.393886184205509
1.4705196615339613
1.3985503303904476
1.4716128709151324
1.3733055626775081
1.3254797339542523
1.3769554500215824
1.4165733360466697
1.4791393751000725
1.3405873263255303
1.4737532585598732
1.3849602439085436
1.31138924719207
1.3978837344129267
1.3575199328260126
1.4044212742435018
1.317771754594125
1.4001731279564458
1.3913078108562524
1.4936548707888462
1.426019538016352
1.3834059866331843
1.3991353378900289
1.4990469823056531
1.3700056828177873
1.3897098450659078
1.3743080022721392
1.3973678919167989
1.464499779500506
1.4049115549868898
1.3853403421279304
1.3477275266272062
1.35187180983442
1.3361294823439136
1.3736851442902924
1.377218435886388
1.4268763538210658
1.3922637313035673
1.3176500862895866
1.338601500300556
1.4428623864883752
1.359666046083334
1.3873228960177533
1.333944675875902
1.36932218062877
1.426985592373358
1.382131070971215
