0.8718230039216048
0.7230636852030775
0.27235302779020243
0.6990880232732234
0.538045795609866
1.0714379688667048
0.10711198457933002
0.5536460272814724
1.546107148983734
1.0395470756641847
0.8112794167867357
1.3587337721567643
1.4828198726681476
0.2157493021193818
0.18777270915133845
0.09812621125428833
0.4332284947613303
0.32457589202707327
0.19872328737796807
0.1703380497722553
0.44205913636890387
1.4472869107902564
0.923735116158216
0.2870148920097327
0.49232340072456365
0.41694407537706774
0.2039328008320859
0.6372711973733892
1.1705650068042441
-0.0243624430656752
0.27557632975205415
0.9381808547946914
0.39457410055272985
-0.03298741332684519
1.0059446399574639
0.6048502566027557
0.6580677673647883
0.283696489585686
0.44572758190202505
0.9588075116621106
0.2299740152553845
1.104600342367636
0.07211623207437841
0.5560766832713103
0.1831602343116823
0.8794661127004691
0.6258821220726279
0.4217415064033611
0.5007558767521706
0.9059262350486845
1.0824268356662976
0.3131150299716667
0.7057065384496131
0.569141399889404
0.6247012114745306
0.3395835513948786
0.5610941950203888
1.8556154186416203
0.28482819361363687
0.2497074356042328
0.8930942887601206
0.41101253110513714
0.3452292222064542
1.267682874307361
0.9198264088898983
0.7889401034413331
0.05774478067951345
0.6918887005151201
0.35209461410384196
0.4713715079043896
0.3079982734470938
0.8955064967196998
1.21900833031676
0.36128708798535475
0.7528453743832885
0.4996623671346158
0.16483357346891325
0.8280694228349592
0.4118272893148296
0.41193955749232386
0.3288025947680821
0.24466329853084376
0.3045831943373763
0.015619676081263975
0.41981219761435656
0.27362642963793476
0.23030638069265227
0.14966616136028482
-0.09165419703038273
-0.4095173480573114
0.4375173523884189
0.4958054227285324
0.6440853362299729
1.1908801065408277
0.6872924001237105
0.27652080893944353
0.5516755847843394
0.1943953281154914
0.6706178302938447
0.22345369100175358
0.379980593194666
1.1944048392551456
0.17202207987528909
0.03990404731743113
0.25541921280984187
1.3148122083032154
0.7243120401042104
0.851464816095367
0.7627763051039594
0.5248139517156721
0.8190062709484729
0.5119193951105482
0.5290565709305013
1.4222381367021646
0.4084412079894724
0.6824394283459899
1.0325295236084702
0.5121132462976014
0.5502207345139986
0.28041989980859583
1.075145397668982
0.4148206148466931
0.7020065945606088
0.5773809999237507
0.1062755822371398
