0.8173018708241783
0.002033036238072753
0.016922161389862734
0.28768669034573274
0.7153544541883682
0.599281407991967
0.06395300242204503
0.9799702166113842
1.10724207440907
0.7194162031253257
1.0829495014194948
0.43995236126281995
-0.23901955858494164
0.32496211575485456
0.7936421696407548
0.6386386534137353
0.45016312730941954
1.454859567914364
1.127062123842932
-0.0522277333706086
0.45967281631890516
1.574985456810693
0.45234523589723397
1.0646331778142826
0.43804077708091277
0.41249723218914713
0.7196610922950253
0.5300545187530119
0.6361686685205773
0.4865264905901107
0.4813011006601025
0.3388908275414297
0.5151632979060757
0.3654518834229445
0.2588382323002593
0.5618102891733948
0.37818162746344797
-0.08445309698883657
0.21106715154305386
0.5253264561744072
0.870103367672594
-0.29552684766110254
0.6693703915858445
0.8769898555400603
0.3985653503911244
-0.08554416438615908
0.5719923463203996
0.3463996662690347
0.7666948633147571
0.6607989834590783
0.36250537455633647
0.3353936431694704
0.05387424425679057
1.2228406115634827
-0.05008399022621544
0.5713761586187132
1.3422071468402343
1.0333921769530532
0.5514603936145851
0.5450902557323226
1.0770768920484046
0.30073321187657687
0.6665936658608608
0.7045585137331535
0.5875500657743252
0.2553739680913281
0.8129633440756093
1.1572439853441991
1.0529036747072398
0.9455526404727245
0.2852186106702791
0.15117964731392078
0.0653128293118704
0.876873225760823
1.2980458394738859
0.4455794806055183
0.45127458584853747
-0.2697412559943165
0.28134538834767586
0.7671908218459785
0.17287085661251533
0.5205441304011512
0.7540360558590461
0.44350548095948367
0.8232315980124879
0.03530413932885093
1.0533679401363931
0.55103130594994
0.8790954248810025
0.5395563496659831
0.5005123192688865
0.31069364159526397
0.9689335323633715
0.3644289558992803
1.4432086928178098
0.7658995247532904
1.1905592896515687
-0.03689766720287391
0.36412100668723757
0.8251946035352568
0.9271305165414815
0.4363208310181488
0.6205071380071342
0.8081242659929714
0.225712522903169
0.25513692777364305
0.7660461524685648
0.40341362287783616
0.47302095512712256
0.015690362889813365
0.9613597936569827
0.5065855880139094
1.6228100221280057
0.5631465872301966
0.35232377181715885
1.1375041310456122
0.6852892437883717
0.6573362197162093
0.3616022669030197
0.5524940208139563
-0.3112308527546742
0.04134190552841329
0.7076808400007198
0.47137896331776935
0.46188160965085334
0.6307142359292822
-0.13199090263327465
0.16965510463288166
0.29289578687016277
0.6978656411162141
0.6910721476799764
0.6696805044333209
-0.25001746984675716
0.3039427732601155
0.023336472710267727
0.794028149677538
0.023104503749297216
1.3297700600448517
0.6390548114921574
0.4387328250865809
0.62603961045183
0.9119422134053474
0.7135235835465652
-0.21826500097021903
0.7415627522322304
0.3695799450543868
0.5459365744850269
-0.21721573720883747
0.8739935987823436
0.4193725540952553
0.8905286571170244
0.8935069634552578
1.238727268032633
0.3922671059829855
0.8719270856751474
0.6476528262595876
1.4156968318210563
0.46913540549786875
0.7285487570901735
0.11111634206649351
0.43239983053146275
0.412158966710423
0.1658732269792199
-0.6648175589954567
0.8506693181741807
0.2727778096742485
0.15950639842181105
0.7854835968513564
0.34723182976108885
0.01653491276377489
0.7092641266441286
0.49736596397752625
-0.03146244030362505
0.14260811834370002
0.11630252561623144
0.7396956423218796
0.2534657695825328
0.40620826280032024
0.5289047035588222
0.5429295379180413
0.2447054908906419
0.6846272440228983
0.11308514225884904
0.11243241444713464
0.5667213280304731
0.42053928692980214
0.42876144850491116
0.705364335207598
0.4693252291521853
0.27994137864609175
0.2545082716350174
0.5971198901882223
0.15933996972547818
1.185709670083982
0.4594364425245074
1.2308600660032176
0.4199818538615793
0.4456938158228434
-0.37189590921316945
-0.30966518943875576
0.4878335842233235
0.024607158293961633
0.45419398945291284
0.5662984829970023
1.2090504132491893
0.0998600320116708
0.8770700483420161
0.6726797077297567
-0.31984166789842194
0.22337163796526585
0.04348452310945087
0.16461377927802953
0.24557729221460592
0.14165443173172712
0.5381162345368596
0.18264112905689622
0.44975803917426466
0.03149065119595806
0.6528422063972719
1.2644749542785079
0.6997318698550026
0.7116175714544704
0.16412952053055263
0.47476105560544807
0.003909216057861278
0.20590606756963967
0.7232479585603443
0.11788884687097285
0.6942504530186123
0.2704794165545727
0.6181056932735877
1.1463614212549817
0.742579499789691
0.482543022710537
0.9766904266658978
0.2670167977746852
1.1839065433628335
0.9372747765403918
0.8218756787115472
0.6398537361336022
0.2468908893645889
0.12967083899379137
0.4771178948970353
0.6283330866527186
0.2140149467055602
1.293670100856989
0.7710611911081994
0.07132665402377562
0.838234586108896
0.4059660463033388
0.7526249166720262
0.7580713878946909
0.5686861289235526
0.6388548901285679
0.8802719068831181
1.1252109631546567
0.592905886749134
1.0560784930201883
1.140963376770532
0.29485919206348593
0.6356750102595476
0.2518491523625917
1.016810433775841
1.5993503990449394
0.3584232791949054
1.0418004061594381
0.18382530915777426
0.5921469993996451
0.41129683019646857
0.12572880997250194
0.3619031870793588
0.6667225849819455
0.5671406219733922
0.6284977412273925
0.6823326839593274
0.01273946438557201
0.2923505614560235
0.7191512442950728
1.2616539630369836
0.7443347189211363
0.9059214764756763
0.8379124967930446
0.3932170875921293
0.018117541884243454
0.5137924414670759
0.3072225096046042
1.0219362826043439
0.6901673881416793
1.3997104947751247
0.979828312546013
0.45823052639901257
0.6526243672394604
0.1654288675666456
1.1300639510171804
0.4953932793496612
-0.003914609889147436
0.41528602602117304
0.2170143455450737
0.26982108145584227
-0.14230415243829117
0.7599782206900998
0.7981167058723081
0.5109865518276
0.5710583295163811
0.6855675989247692
0.3842378581459172
0.14281967443334223
0.5214466117149462
0.4736021090543288
0.12348937176370943
1.0338682904855812
0.545774580486693
-0.05854440900188851
0.6446344658641708
-0.037030598090450756
0.030643930034240912
1.1260470788688564
0.6419359322147393
-0.11111448563577153
0.8015064250356533
1.8309699171902085
-0.32939949407332264
0.3335842512336737
0.6519687453571873
0.35286770817621554
0.6346845346152888
0.5129314272203899
0.24688809574803847
0.6859783556280776
0.3096658439829126
0.4551132936353861
0.20247060132739003
0.40063052973372154
1.0121811137691756
0.7436147327979169
0.005819390719252924
0.12711556021386353
0.024376482745698997
0.1314061771634616
0.2319751913074024
0.7758106978917532
0.978488410833041
0.1556867885888611
0.43311544285292375
0.7266344541217512
0.41621794019312236
0.7511251797983038
0.4705168891206947
0.44486182547829145
0.2415722141975368
-0.40754842897697996
0.2657899134378677
0.42659710689423136
0.9363962655276444
0.17647841440802225
0.5567314667850485
1.0463214094483353
0.8755600853680982
0.4181368413978608
0.8367007573549325
1.4401051619835084
0.454041860081281
0.9656762208651806
0.20314671166261977
0.504124310553244
0.6025373807682252
0.4656345446762767
0.35264518365412695
0.9431221632620991
0.2863238843368828
0.486776272648676
-0.0364764898676336
0.24177642363147636
0.5189683136383957
-0.005718564361411031
-0.2681253271988697
0.5731315426034054
0.8202770067047026
0.255231716410137
0.39497896544969974
0.709714723364017
0.6339576514397492
1.0348003992396155
0.6992248567110358
1.1063720863656579
0.9338799174412915
1.2176650934132212
0.36030630899716004
0.3985987671442306
0.6816180591740842
0.31279255719878
0.6494250572702198
0.593142432600961
0.7206671015594043
0.8326414090180716
0.23771007097223407
0.3738774723946192
0.8531820455952935
0.8715852601768752
0.309045878087382
0.7170516271273161
0.5229386039908053
0.8870968365471722
0.6169424090417788
1.284610336939044
0.5388683156867224
0.4439449604024701
0.6264022789600827
0.8595304579288942
0.18079483622750867
0.8009449428988408
0.28375591647986076
0.45745406432774205
0.48836180012082614
0.9133924022238732
1.0727701359132438
0.6611057239437435
0.22223797563412492
0.13772252670045107
0.3279693275758111
1.094353304171806
0.7181636327298708
0.8613393174019293
0.5268566969199305
1.8898240878604022
0.3388749196640433
0.9247095169087682
0.6168924960701286
0.7299577821876889
0.06319534514764706
1.032897914848247
0.4987811855264293
0.12866218961033102
0.4552227695801197
0.7133256661333202
0.5923226784929204
0.8029003875432726
0.24923454643509058
0.27101603853437806
1.055132768616622
0.14591066506969547
0.7825826998125396
0.19710030568639167
0.9595229349164791
1.7023502682249854
0.3753127729388141
0.22368757160151662
1.039814445611721
0.3194364378856842
0.6865086331127808
0.9147254351754607
0.7054039383853099
1.196572712140735
0.33039313346106486
0.8030291671056368
-0.2380319598746717
1.8108516112242061
0.6499224002256551
0.36946505749820596
0.2937878247582345
0.44179462210087195
1.246715440402511
0.11865205414898565
0.5861198834131408
1.43667892128918
0.5489309815733524
0.6045957019110191
-0.267151402710531
0.736664030048407
-0.2593870011931229
0.6394914562751874
0.6619383924395082
1.507380171064496
0.37978675902626907
0.6147813315926037
0.0748158484851975
0.23334868009890597
0.05903145675290924
0.7558837731591446
0.5862510760713424
0.2102665447497939
0.4791070517196963
0.1713119936227511
0.08518830579800014
0.332271476825933
0.9993131169142538
1.1205095977262156
0.8287932105487124
1.7405803104848152
0.29967581997709
0.9243150850331395
0.7737375845255187
0.7238514875960095
0.550663175077171
0.46812299163168386
0.92461064287352
0.6293424389954887
1.229024343985839
0.16057241508263057
1.0842357396081994
0.33012994297018783
0.8331283853163017
0.3965607026683344
0.5894081077956894
0.5968690210742936
0.20326479799979205
0.5333830721154339
-0.07713394581316747
0.6444341389134935
0.7377498880592605
0.2957037910574947
