0.36423498557056305
0.3813918636085973
-0.8045064415426345
0.43896145516941987
0.7000192258534149
0.11252433961774523
0.5244598128247913
1.3227926476700156
-0.12134179858429729
1.0063181772752827
0.5403473947122232
0.5558530066095714
0.7877955835721014
0.40624293858381844
-0.09762881782753642
0.7385308685432089
0.06444153642581894
0.01323297114734733
0.7608433006152927
0.6540821074041686
0.18453116215151488
0.1607088713276346
0.4274352336557872
0.7827975688837444
0.8514509862586954
0.6050025845736683
0.3706065345127331
0.7645693547538738
0.81131052810504
0.892118732234716
0.9029004768647585
0.8727436747419904
0.7004723176198402
0.5362942842574304
0.8342793444891351
0.5833311738365314
0.5802263945529323
0.7728153000789506
0.2922470802195684
0.9779791605687377
0.43564303367569157
0.23859662382785232
0.4408310200201387
0.41389611078571265
0.4548314015074619
0.45427830027327915
0.7224523168241553
0.6508343359171899
0.21793225840382655
0.8751938545720653
1.0497401298522533
0.08911212466520367
1.326437087285161
1.0376602682098224
0.6941020243925363
0.607315877311103
0.5195098922922103
0.679386699063906
0.16943997662914853
0.36399002676370595
0.2682446100287679
-0.07900192200600353
-0.3546713496135385
1.034916931907094
0.8234265792016656
0.18810302899127282
0.9585757866620149
0.3062212421032872
1.0550276814924755
1.1186676781979796
0.18245509572341723
0.5983985835244358
-0.4970811116408527
0.12084989483052673
-0.5680868861135785
0.2599042795085163
1.126364519666651
0.3448987280328868
0.9252651040155784
0.2813294661708398
0.4626916343966059
0.4657225414725768
0.7539261481986724
0.29421646920756644
0.5120597197410378
1.7471943089498645
0.4406918320490261
0.3327965963683796
-0.21052614892099772
-0.18298658938645504
0.2898824485207871
-0.12065325849319053
1.2022041502024123
1.285789239742042
1.2167076983413043
0.5779817756877142
0.12269967932718727
0.8690604008629969
0.25161972145997313
0.04890643739810555
0.7821989078870923
0.6326408167094492
0.2886202369223999
-0.3770255512636372
0.831423655038601
0.44772623978882925
0.6639864470804631
0.08601709794535702
0.5876916745062941
1.1560630581788187
0.017442572185446092
-0.07429934192183063
0.7927880002702765
0.2540830470274285
0.38419208357957285
0.1487830113836496
0.4269030196510064
0.009912221967278775
0.8199819419880537
0.5463132883093617
-0.7576472924281288
0.7234876706412198
0.9756470068073969
1.7279778429262596
0.6283453361659544
0.643901387219404
0.42462569104106146
1.4350691983858337
-0.10090478886910204
0.8807274495367817
0.8305515016270881
0.8101898148640615
0.2879464490001905
0.4113392827311078
-0.03782296965780161
0.12188925270110396
0.07784843353237936
0.9758856004740313
0.35211477417223397
0.7243204956733583
0.5343744485710199
0.6992464269234272
0.579813890477149
0.705422548382721
0.6312730695055863
0.8456853851380166
-0.027921920826560826
0.22482806127282381
1.4008283576094798
1.5912112247295676
0.7272914962468758
0.6435523105376123
0.6096823287412166
0.35739533760915876
-0.596382998036987
0.2365338519331024
0.6892024126931248
0.6707841973055141
0.9509234276057671
0.32760057076383975
1.022656288347538
0.5432348218546301
0.9512368328160319
0.02460279395823554
0.6214289065924342
0.9044724302105541
0.6370784184455497
0.7286890999546481
0.6186823138094173
0.23263150548215542
0.4228658328906125
0.6411637464394885
0.3279718353628402
0.567652559793568
0.1057991969694995
0.9073359949972292
0.6403241709783594
0.09524633550638217
0.14587357215600724
0.2906267224524831
-0.25570992893345607
0.42577652954214856
0.16511095012832447
0.2569712365008972
0.9270263517990748
0.527184845030959
1.0595491932919998
1.2806453998063265
0.4498201709922209
0.35971731921178834
0.9171098102871892
0.26495610653206
0.6781680174523602
0.7942500297064998
0.45550272543392856
0.6904378583244973
0.8393100044479315
0.25421089548614995
0.004407411471826897
0.09254270945926663
1.167266565563671
0.3785745792411214
0.600425927306008
-0.1156911554734971
0.767765825021343
1.1246760337179014
0.3240235489224262
1.221351195392422
0.5512805928929779
0.39338690019776523
0.8714409452558742
-0.6132423357837173
0.325004284189417
0.330538632858637
0.4263559754506641
0.903606987900455
0.8921405579091134
0.056994104394623574
0.825427273621877
0.1479138206268236
0.8517122347744066
0.5302029987026716
1.2975179874171656
0.8693266182331042
0.6969597801055758
0.2882441634772593
1.0684600745990633
1.1665292064859314
0.5991071696660359
0.9635300929971621
0.24177481838787399
1.0251749396418393
0.46182700589142917
0.7991573241322191
1.0306933486519798
0.44196856125087175
0.7818549836110119
0.3238798698967577
0.7604124856805412
0.47114565670677816
0.34039459661840915
1.0629006887081882
-0.06944246297658006
-0.5041698624357267
0.2532617552786733
0.28358962050069264
0.41962105103327785
0.8428813863788687
0.2973041655540931
0.4536796603158848
-0.1899093094715343
0.4082399214910554
0.6165213312155086
0.7109868456188434
0.41494722325193373
0.3590817036157324
0.7508593757149162
0.5486692843859345
0.6957115334228264
0.22836788807491967
0.2458964450324702
0.9357678564031531
0.6258272688022175
0.9652249030669643
1.0796226107734606
0.1815003667863592
0.44353229218923157
1.3655912376537953
0.8060923802941246
-0.3905686639448378
1.239520943887266
0.47231581128734207
0.8660632912138482
1.0089600327595822
0.7505386871721215
0.35676819681999694
0.8449896282796705
-0.5840995000486621
0.004214349438817026
1.3787190185437277
0.5276924153011416
0.2942500762372102
0.3336919314525624
0.7753518526291501
-0.023817357985303
0.5881800949514352
0.38627449483073883
1.0676365495335078
0.16899224607128138
0.27848926902842164
0.4308158673082085
0.6876809054224978
0.4157713104738224
0.1705226911547033
1.0113770193379383
0.9445328480413662
0.38312875428547416
1.5907493962779593
0.1317436275426194
0.1733098750383161
0.5003831342253713
1.1404510611949998
1.4790232773304401
1.4256257577102038
0.2934900987108128
1.0166543108626858
0.7855156199106076
0.8003271257368351
0.8787792343754085
1.8415675824905058
0.34745924028702596
0.5007254022251167
0.21781370736007333
0.8253047592724118
-0.42325290172279023
0.6444150368371022
0.6890833235169599
0.14152987183489166
0.27540379168235835
0.9464988929271344
0.16719734191053912
1.0492221116350875
0.4582601561134843
0.6536902791433413
0.24970693428668467
0.33838175426670275
0.6512071691614554
0.3983244792870573
0.417682448821927
0.3869610459793014
0.06116691627555652
0.5709752803653093
0.002650106173787766
0.7564548089594028
0.4163209547581181
0.8132232456449513
1.3747633789228153
0.6111424858195228
-0.032157866678084644
0.33031974867171193
0.7321573781892649
0.7743725374768292
0.4366363680365139
0.4061230139211529
0.3489842757635258
1.4719331214760272
1.218952073875408
0.35317149859591773
0.335758795928552
0.5320981387133122
0.2107455969416323
0.6803421232757763
1.5537316538473975
-0.2076630694956433
0.3238656232200059
-0.07297763501957555
0.6555324598302116
0.33515523033625333
0.8219806981917367
0.5925904901242943
0.9643082911263128
0.723723368735346
0.7483090142196267
0.139346379792256
0.8930867145358333
0.6400039762917377
0.36602514744526143
0.8586228812777037
0.3742189115075076
0.4410458837803355
0.8387370373308899
0.4490301337013681
0.31495061542711794
0.6149443265884046
0.7414943079225642
0.5431922260917711
0.7700028132875417
-0.167328412023372
1.2511173972095537
0.33110306693719843
1.3721001194218045
0.3137555460980387
0.35201975371857214
0.9743508729338165
-0.0010786327777110027
0.4629398236148003
0.3490539703068601
0.4016989172113104
0.005880420103264135
0.34898284108837535
0.7035685720652519
0.25280559191397983
0.5585689539240489
0.1754997603100772
0.9538793344880161
0.6652888074459884
0.757220406151817
-0.20593710152406985
0.5094540502358402
0.8996902221094691
1.1338348471769997
0.7433814176754584
1.3627170761939071
0.9055440508592295
1.5555498114527324
0.12306451410632635
0.7280837148340701
0.18060875320351114
0.21142046498795555
0.2288191099414266
0.37534123210122566
0.44277472225371745
1.46801508968368
1.49982617479852
1.0395192020807704
0.3874640711717409
0.49950264927931953
-0.4148713695224649
0.6469462853993716
0.3488741253061271
1.382330226933184
1.1789530082955841
0.37061457490697647
0.5005900228917316
-0.3039700349599608
0.39761924746600047
0.5781227617207839
1.1680194839952065
0.39646019009708394
0.41857739233203756
-0.02732833536580627
0.40950666007759834
1.0855722811093116
0.3655218343002318
0.137022789529755
0.3345532249319347
0.2787837596803194
0.5169642348756603
0.5430823251499391
0.8964705786814275
0.9312133366413039
0.2656287786038061
0.14414064063839363
0.9073699353589241
0.06120677501835747
0.3773931320346449
0.7740587908239255
0.4402262041989616
1.021138403076433
1.3299825640625105
0.44837689131661485
0.4264509543919324
0.7494874203732472
0.6442709667492074
0.5634397189714012
0.9085352748591989
0.4674591855098756
1.21677348727965
0.39713930566517125
0.015780469873577212
1.0545035563653893
0.5780172900205042
0.853056786779166
1.0313349241852836
0.34978594385169154
1.4190074428859571
0.08365910664121672
-0.28154794113456866
0.3156185067170098
1.5283418576944443
0.7272200038459543
0.43738170029596807
-0.0026058418941107644
0.7811627903217113
0.936551166154636
0.24371428640660264
0.2808841014786197
1.3092504431415009
0.9875773223402047
-0.07266730075258365
0.42400895288317925
0.024888950213723865
0.0757504457432502
0.715249420708123
0.6265872168575137
0.4099672340372369
0.583383973682804
0.5391273954831958
0.029078258331420498
0.19234433205708057
0.7404921792643355
0.666825553457429
0.19964788167239989
0.5433408635009084
0.38758550307817613
0.6166100003073974
0.1133443242556295
1.3318125253939461
0.29418722008810977
0.48446198320125156
0.8968339539893808
0.830488127538684
0.41122755517754367
0.2713240798699062
-0.36649319156019783
1.5331015022735242
0.5149375904226219
0.8626919405683736
1.6614831988228247
0.148193921926395
0.03896840904253748
0.41535091922267103
