-0.01901068428324097
0.578491682547577
0.6494875287173337
0.9123917440398032
1.24058156765865
0.29688065131059416
-0.0009642614522358262
0.39580845337389037
1.1147214679874018
0.27201432464110903
1.134677160020025
-0.222474595012118
0.5921404942190215
-0.028691268240843077
0.3521841255017724
0.7507854598829787
0.4910781699972979
1.622777182699816
0.8114158525151182
0.5330995552986292
0.8703026522026786
0.6029752423119258
0.583504217996473
-0.2473929793657763
0.8708028843109
-0.047434957532037005
0.4256031513603124
0.9802479534690677
1.2240921748686486
0.15796269461652815
2.701505532202646
0.9728836915575148
0.06983308643561403
0.28969808916794365
0.3350119286397512
0.2060335691946038
0.4431624299586523
0.19216945221541018
0.045218200966352796
0.70978016604771
0.8926636254260597
0.8092874129169569
0.9504325236658765
0.47543468778216247
0.6237530001226725
1.1165899289841914
0.28508191997289983
0.3024066569475574
0.5194798216591585
1.3588579077200549
1.0935280684999582
0.5033720897868347
0.3891533544740721
1.2418081628964635
0.4985915208548997
0.8701493991352391
0.5162955150162643
0.4392722978498864
1.2315162240725401
0.6339488089399138
0.7363915547651739
0.7967443132418704
0.190007879324105
0.41904751825867637
0.8536542562860824
0.655718263895972
0.48578782818265936
1.2030953709135634
1.2237495202057043
0.5791027294133743
-0.3678979541076312
0.7138842445646199
0.34009518234457076
0.9065141771719718
0.5923431124009947
1.211723442177002
0.4658520180258048
0.41533390602095643
1.5220696666297735
0.5612986208959084
0.5540342248062066
-0.028444627789966658
0.006611067112804014
0.2775364977700426
0.4793330337764638
0.009664660485035928
0.6159721324069612
0.9993678915220485
0.47259057704771384
1.05229851090214
-0.42151702235186633
0.3926654976810114
1.238343048525625
0.4692560582649021
0.1315959835236402
0.9914218539122924
0.735174535812183
0.07771715391518702
0.36609859654283167
0.5200222728745785
0.28883056780543676
0.6818587475415071
0.33187740419071043
0.7671407263163562
0.9412632205489962
0.9506726829745303
0.15255560006731275
-0.32206274702288445
0.07907904774752035
0.6496274536855708
0.12988990329422687
0.8796440489565995
1.161718571299988
0.991451061645289
0.2878429631509461
0.3955320135055125
0.5670533842020519
0.30189040785892557
0.34634248208992685
-0.06621063463628842
0.5892542132878583
0.500209999573893
0.886687727865522
0.34045818093527874
0.52264846187773
0.8186338870820697
0.3812479176398839
0.47603270283614235
0.5912870385748582
-0.23084327358817694
0.14572470105390659
0.4609371753536451
0.5537367086439869
0.530061498496094
0.5980082581694536
0.4196928737227483
0.376536484767305
0.42750090344852376
1.1975989972596655
0.5994167460840474
0.7001280381992174
0.07227445873491443
0.7824187214986945
1.3090598143641023
-1.9221091345816397
0.6989346857385409
0.19211236897287073
0.4255581979296357
0.8538975535230557
0.7002582030801848
0.7963715744567944
0.16682881471159117
0.6273338302175604
0.8120804680164765
1.1392429380493272
0.8298417491498301
0.13148564504325652
0.9895325307183844
0.4518832525924512
0.14164966921289118
0.5177536163589239
1.082850941637703
0.26812684353878447
0.9167731110879146
0.2625702981755524
0.8608537775798709
1.1068456927654229
0.703738662442274
0.5337912159861691
0.6834476069600255
0.1580086525147354
0.5144082793679028
1.1623726450258267
0.5526900553815188
0.20131574740155286
0.48049884861101555
0.45570818033207283
0.5800549405260297
0.41282178022200156
0.6793211073412638
0.47144455216344244
1.0632851081498165
0.4568692070704461
0.781285889447426
0.3468025725482451
0.1408688931123124
1.1968472122328444
0.6071677116102586
0.5070913901644358
0.9977784436299602
0.5834375667612117
0.28688905189461955
0.1986322271745844
0.569263190181733
0.9159239140129025
0.5435355388507628
0.8908588950850312
0.2991539165320693
0.08665545977047868
0.6411016657629914
-0.05435766180815005
0.8636937794166671
0.8690919263768971
0.21064353959210028
0.8864305777528282
0.2935925718660842
1.2309958284595768
-0.21765034038600697
0.7553819702736336
0.8174823147491633
0.0017695428125177233
0.15768507817336117
0.16860173243594243
0.8050118074535458
1.0567246885241404
0.14479679805293663
0.3087745480799524
0.5377783427658286
1.0772607598918873
-0.1259625530949024
0.8163919816559705
0.6646099139673798
0.30434035879955457
0.25332804414131016
0.39925593795547765
0.7283155584700435
1.3506868299993575
0.35908926641591954
0.6002647029259999
0.18565378708025826
0.5930645412887064
0.5863757959832699
0.6637361009176711
0.5727204447313089
0.7081123163242661
1.107146662740847
0.7592997668762479
0.5540129642487045
0.42209780485163356
1.0789424658441367
0.7716145309414336
0.4671642365647235
0.5921957443782474
0.38853321054611945
0.20514642250093115
0.22706912537909232
0.9477909260094804
0.6891848050816219
0.23270599769201775
0.2705430698570865
1.015013782358843
-0.3860953226986001
0.24980970161553936
0.9333594178939079
0.582004470118049
1.0500329779879916
0.2482620540793529
0.14704949759746108
0.28509225686768064
0.9645860412085611
1.142348091905394
0.7536754930323087
0.9631520333769438
0.8796234392953154
0.5637027327224159
0.3155751124369252
0.008819005429981106
0.057392183640158
0.12111456326062803
1.0129633609118287
0.36400997685533615
0.7542599971253988
1.6820525652410157
0.5416089308262374
0.578605647448812
0.4731880955348175
0.4682879257131681
0.863684671282901
0.5763066407763433
0.27223607863515836
0.7577200432307395
0.5196368136608025
0.6370054760171906
0.8913751048946619
0.21477562070637926
0.6286000283549588
0.20639158024952667
0.3858822293953687
0.8398331060092793
0.5160664484611678
0.4020370723631055
1.124461994224993
0.9288498689787232
0.4635357000721649
-0.41798873940481474
0.6520666093691504
0.4227464974858704
0.2621265959446079
1.1303623462961694
0.5320173050035858
0.9597156408809138
0.609351657978602
0.29728958957852436
0.8972714942377097
0.9365443966551584
0.8902262798878108
0.7609068772463635
1.198597922580005
0.3692465498390738
0.41683862472390437
0.29847292831631633
0.4201228119104505
-0.16590531844961454
1.266672503883912
0.9814720702157987
0.07313063025001319
1.2207624570543338
0.6719347777536081
1.126411814525551
-0.365205648356316
0.44037694264754695
0.7717982690442765
0.2771623999821593
0.4120001405956399
1.0074081590942143
0.8534747229268657
0.11168235796272191
0.02214736684737391
0.9133938034395487
0.44111924579390505
0.933239291713945
0.8367166055442272
0.2362424604854013
-0.0038286429927903987
0.9154433336133042
0.2863519224670997
0.39380933373128624
0.5382674054693644
0.4116120385981172
0.7034515129843966
0.5930736379158404
0.6175015982044231
0.5519742373778203
0.6367648565042202
1.0527007028276611
1.080808853844544
0.0978759848742094
0.5536769645470654
0.7024782559607975
0.38849346463401874
1.5175871790525697
0.6967535263460475
0.498625074781123
0.8880519442445566
1.3596783870877924
1.0674228082560584
0.7950362153953489
-0.046578444017242315
0.06095508487891657
0.49834862078657527
0.2883858958323077
1.0080156346078086
0.34852620730343653
0.4247012252435833
0.36394176519081745
0.2785207081206572
1.0177105873644081
0.6354825715888777
0.2867212948180682
0.2765783448550693
0.7503339886514012
0.36759937006391813
1.5246185308457487
0.20165765368305155
0.3322803115625371
0.5394380485817755
0.9282235585306321
0.15916489659803
0.3064022552008208
1.26580580801035
0.846579288781563
0.29437285733288077
0.7152890840361913
0.1748195904483086
1.0551138888138294
0.9872358793449493
0.3965912281595931
1.0005473275105683
0.2654584935042968
0.8345070574560495
1.4850589316347877
0.41299036029294783
0.27016482136517067
0.7351434381167605
0.014875751650917016
0.0055069778683986366
0.7005361332076184
0.6666764832210604
0.9809412516965518
0.5605926591785672
0.5678333471701317
0.4958628228243212
0.6493873866502854
0.38719972274417036
0.9685544960067461
0.8153462984784349
1.6747338831928076
0.722995611395742
0.5753843278438889
0.6348044440654137
0.5860233452244707
0.3989977240895848
0.37006903477431535
0.2922562304271377
0.8598082313695565
-0.343444383738158
0.3660741986416541
1.180524127522144
1.1185293840779564
0.5293631550400077
0.3835690788568696
0.39271963554469164
0.4836256440618096
0.3062039497835464
-0.3076687546542199
0.5675213557353503
0.6333640477220925
0.8484634628575121
0.3567534633036189
0.5099378687476963
0.7550853509866263
0.28874630097248527
0.6914682200686935
0.40301910799404855
0.1840497408615861
0.923585840971449
1.2800453184703569
0.774373564472195
0.6487974580784877
0.4917537612598398
0.6442459987400386
0.3925838671122208
0.16905665792700644
0.07138567943216141
0.17540304764818257
0.7204472812002892
0.919250677347836
0.968429716015231
0.3536294798277962
0.6284949307640683
0.5194181112619115
1.273473988406801
0.8395790795829382
0.8973985843817153
0.2600717133152432
0.047343468375387575
1.309110493475942
0.715527877470676
-0.15105801579321357
0.6062643034677281
0.6895331816424304
0.444596554075777
0.40358472180137145
0.0014288258734538872
0.8990367668896329
1.517999157191026
0.37928679299482276
-0.050257156645250246
0.47766065429049864
0.26494359417844715
0.4812940216321265
-0.3897094331303679
0.5551919856813566
0.7028413342327332
0.7184946095617235
0.3962127050687642
0.15554822894790163
0.40935261649405774
0.9176724348841888
0.4664551740486071
0.4506042842482956
0.6066715510637465
0.26805584661834014
0.0207334040908686
0.37611208216743836
1.605585809816256
0.8889712710093346
0.7531180489605505
0.6477391599710557
1.766188261292733
0.36633595473759734
0.338398807759778
0.5290430363628666
1.4014966947758953
0.7472121543260589
1.050976481672982
0.8318533201992463
0.8084325217203215
1.0784712160149497
0.3363969085234433
-0.004466532722929924
0.014664105704912925
0.6868533471434133
0.8959313939404744
0.8720702565057555
0.7962705271153476
0.599202847942373
-0.12695935890215512
1.2546400107288536
0.8927784717336663
1.006172257493922
0.9378786931538764
