0.2558771587554249 0.00025 0.001
-0.3006725404247824 0.00025 0.001
-0.9210874693838583 0.00025 0.001
-0.22357812104982133 0.00025 0.001
0.20471275180514656 0.00025 0.001
-1.9475755199660985 0.00025 0.001
-0.7565269239249964 0.00025 0.001
1.096603714887702 0.00025 0.001
-1.4176458947813606 0.00025 0.001
-0.18919029217430625 0.00025 0.001
-1.6803979770897783 0.00025 0.001
-1.6912469170160245 0.00025 0.001
-2.9430975534052037 0.00025 0.001
0.05832225512130714 0.00025 0.001
-1.8560277581311773 0.00025 0.001
-2.276192249679888 0.00025 0.001
0.9207655994516912 0.00025 0.001
-0.33829341172832716 0.00025 0.001
-1.9012134353229475 0.00025 0.001
-3.659076314802022 0.00025 0.001
-1.637217568424754 0.00025 0.001
-3.2569365419779555 0.00025 0.001
0.8196846468141606 0.00025 0.001
-1.0188668126371294 0.00025 0.001
-0.9840523454812885 0.00025 0.001
0.392288128106219 0.00025 0.001
-1.9097836219026425 0.00025 0.001
-0.41423401414503713 0.00025 0.001
0.16213504753404237 0.00025 0.001
-0.2758654890078479 0.00025 0.001
0.25909655890969824 0.00025 0.001
-0.3593641105725678 0.00025 0.001
0.4496109083498099 0.00025 0.001
0.4448952014136049 0.00025 0.001
1.7868523898987636 0.00025 0.001
-0.4625501596045105 0.00025 0.001
0.4269132604695183 0.00025 0.001
1.7594625015766023 0.00025 0.001
-1.2876138977506586 0.00025 0.001
1.0955697252553767 0.00025 0.001
0.5873437972582488 0.00025 0.001
0.2690067692074419 0.00025 0.001
-1.0353326653934445 0.00025 0.001
-1.2893862041937294 0.00025 0.001
1.8572714586765644 0.00025 0.001
0.2859941701117726 0.00025 0.001
-0.1511651833921236 0.00025 0.001
1.7720233453074556 0.00025 0.001
2.083661457528095 0.00025 0.001
-0.7242583528591849 0.00025 0.001
1.513474573877198 0.00025 0.001
-0.8373791817584951 0.00025 0.001
-0.5500259563891184 0.00025 0.001
0.3694005313161166 0.00025 0.001
1.7882490364762174 0.00025 0.001
0.25285377423374794 0.00025 0.001
0.5523654972956827 0.00025 0.001
-1.488539570489272 0.00025 0.001
-0.054874223918528475 0.00025 0.001
0.5689130016285643 0.00025 0.001
0.03581395138315894 0.00025 0.001
-0.020957107035547262 0.00025 0.001
0.907846575844451 0.00025 0.001
-0.03233085942160815 0.00025 0.001
0.8597730845907181 0.00025 0.001
-2.720280426374258 0.00025 0.001
-0.3527665111202341 0.00025 0.001
1.0982580987319406 0.00025 0.001
-0.5348716808023585 0.00025 0.001
0.11490878092034111 0.00025 0.001
-0.30043793588681406 0.00025 0.001
-2.5314804718960664 0.00025 0.001
-0.5892148191955 0.00025 0.001
-1.4505235408685657 0.00025 0.001
-1.2496322556665964 0.00025 0.001
1.5278922890535764 0.00025 0.001
-0.5574588705072699 0.00025 0.001
-1.4447440042763449 0.00025 0.001
0.9103811595105052 0.00025 0.001
0.3470978621258845 0.00025 0.001
1.2194773794905174 0.00025 0.001
1.5628159693864798 0.00025 0.001
-1.5910604143746057 0.00025 0.001
1.00198932290436 0.00025 0.001
0.4848132085159062 0.00025 0.001
0.7863266645338287 0.00025 0.001
-3.1969719916893156 0.00025 0.001
0.7159982625257116 0.00025 0.001
-0.27624523464539136 0.00025 0.001
2.9381363478782583 0.00025 0.001
-0.9336235879555482 0.00025 0.001
-0.31239851643349564 0.00025 0.001
0.08386076991306224 0.00025 0.001
0.6916825979209653 0.00025 0.001
0.9769249543615715 0.00025 0.001
-1.594720031798391 0.00025 0.001
-0.13098890159156704 0.00025 0.001
-2.177558774221663 0.00025 0.001
-0.8941677031108929 0.00025 0.001
-0.3911000340648516 0.00025 0.001
-1.0995663426164795 0.00025 0.001
2.3942512332562207 0.00025 0.001
-2.225594690022051 0.00025 0.001
-0.07597861352989958 0.00025 0.001
-0.1287426049152088 0.00025 0.001
1.7315682541165547 0.00025 0.001
1.310803897706937 0.00025 0.001
0.5801588729626491 0.00025 0.001
-1.1462063490692116 0.00025 0.001
0.58610792224178 0.00025 0.001
-2.9546504898892625 0.00025 0.001
-0.6261696769765295 0.00025 0.001
-1.1565291320418205 0.00025 0.001
-2.426055720284135 0.00025 0.001
0.5644164231073358 0.00025 0.001
1.2839108143195126 0.00025 0.001
-0.07838934709312746 0.00025 0.001
-0.40732313496720596 0.00025 0.001
0.6953671941149956 0.00025 0.001
-0.26319601276698196 0.00025 0.001
0.590745856133067 0.00025 0.001
-1.5638598594406599 0.00025 0.001
2.1874000278625174 0.00025 0.001
-0.12050474457445533 0.00025 0.001
-0.17873162103622023 0.00025 0.001
-3.355491696479563 0.00025 0.001
-1.6064915321181044 0.00025 0.001
-1.4415354718573223 0.00025 0.001
-3.557872527900541 0.00025 0.001
-0.8142665823243381 0.00025 0.001
2.384367870167571 0.00025 0.001
1.791120488898201 0.00025 0.001
-2.7696718075298445 0.00025 0.001
-0.9078833721883762 0.00025 0.001
0.1908841043466468 0.00025 0.001
1.595465442492947 0.00025 0.001
-1.0750944929708408 0.00025 0.001
0.23838399217284312 0.00025 0.001
1.5165046267189135 0.00025 0.001
0.6256537589930667 0.00025 0.001
-1.263639309583501 0.00025 0.001
-0.5977600078989106 0.00025 0.001
-0.8897260704343514 0.00025 0.001
0.1271689772572214 0.00025 0.001
0.22566760901732585 0.00025 0.001
-1.0059729511248159 0.00025 0.001
1.3242970626082824 0.00025 0.001
0.6994959512921214 0.00025 0.001
-0.3962836083435985 0.00025 0.001
0.296243293830724 0.00025 0.001
-0.1384674734085811 0.00025 0.001
0.3659623173593592 0.00025 0.001
-0.6612461905996032 0.00025 0.001
-0.61171340621923 0.00025 0.001
1.1919502523306955 0.00025 0.001
1.0564042982459272 0.00025 0.001
-3.7849064513686907 0.00025 0.001
0.062187811674774864 0.00025 0.001
1.8458724822325987 0.00025 0.001
-0.3604183220395106 0.00025 0.001
0.5371417195044307 0.00025 0.001
-1.539125234385536 0.00025 0.001
1.1744415117563913 0.00025 0.001
0.3170504314904929 0.00025 0.001
0.41612254602450055 0.00025 0.001
0.4011705590087775 0.00025 0.001
-1.137610357660958 0.00025 0.001
-0.21766831994217786 0.00025 0.001
1.3772921956826565 0.00025 0.001
-0.10406305428203282 0.00025 0.001
-1.3897387365245217 0.00025 0.001
-1.2826583172117954 0.00025 0.001
-1.5860703358574504 0.00025 0.001
0.9008806116177214 0.00025 0.001
-0.6059491536454932 0.00025 0.001
0.1497883224672063 0.00025 0.001
0.6532625264463944 0.00025 0.001
-1.152790610703066 0.00025 0.001
-2.5216747101366392 0.00025 0.001
0.5225893770189824 0.00025 0.001
0.3034875248936122 0.00025 0.001
-1.4360161951537556 0.00025 0.001
-0.067344006751158 0.00025 0.001
-2.3532041861733224 0.00025 0.001
2.0086023501936903 0.00025 0.001
0.733077250911134 0.00025 0.001
-0.10959050270822619 0.00025 0.001
0.9973746571337663 0.00025 0.001
-0.3988736735734193 0.00025 0.001
0.7260514096933837 0.00025 0.001
-0.16278867991603096 0.00025 0.001
-0.031061067683916477 0.00025 0.001
0.2495172098604106 0.00025 0.001
-3.1765518225967284 0.00025 0.001
1.3770387928322494 0.00025 0.001
0.8066129413271573 0.00025 0.001
0.0749446061709318 0.00025 0.001
1.0190413160954883 0.00025 0.001
0.139814656677514 0.00025 0.001
0.7261204934620241 0.00025 0.001
1.0056240579584061 0.00025 0.001
-0.8186834563230471 0.00025 0.001
-0.7245859093306414 0.00025 0.001
-0.4928364609829017 0.00025 0.001
-1.6873842586004468 0.00025 0.001
1.018512034289311 0.00025 0.001
0.5141369355322999 0.00025 0.001
0.8237698390013843 0.00025 0.001
-0.3466740720708419 0.00025 0.001
0.6318586013235157 0.00025 0.001
1.7556537893399442 0.00025 0.001
1.4436178462152573 0.00025 0.001
1.3440730357135973 0.00025 0.001
0.8392755051134642 0.00025 0.001
0.8729432121627109 0.00025 0.001
0.8169611121011138 0.00025 0.001
1.2304737244871464 0.00025 0.001
0.2887917637833053 0.00025 0.001
1.9120316256611087 0.00025 0.001
0.29571573871840173 0.00025 0.001
0.5938031633035071 0.00025 0.001
-0.7629013801503342 0.00025 0.001
-0.6330268566725833 0.00025 0.001
-0.49719399940085934 0.00025 0.001
1.5996878457490853 0.00025 0.001
0.9427828399305062 0.00025 0.001
0.6344721292469365 0.00025 0.001
1.581980893766608 0.00025 0.001
0.2691815938477093 0.00025 0.001
-2.986495275891523 0.00025 0.001
0.3653127336571785 0.00025 0.001
0.5482935780550707 0.00025 0.001
1.134307459719131 0.00025 0.001
-0.46981052701592646 0.00025 0.001
0.35276977295053014 0.00025 0.001
0.7552135943292578 0.00025 0.001
1.5796953055211198 0.00025 0.001
0.44769368944610705 0.00025 0.001
0.49319969555761745 0.00025 0.001
-1.5589535498421494 0.00025 0.001
0.9291537079448791 0.00025 0.001
1.3728066183610477 0.00025 0.001
0.014743349000008751 0.00025 0.001
-0.5052181280230775 0.00025 0.001
0.6127397893691278 0.00025 0.001
-1.1326062897928173 0.00025 0.001
-0.8792498284517211 0.00025 0.001
-0.1186477689856284 0.00025 0.001
-1.554736314130906 0.00025 0.001
1.1639417147326407 0.00025 0.001
-1.1132725844021154 0.00025 0.001
-2.2111941179152983 0.00025 0.001
1.8132705157302997 0.00025 0.001
1.2322964052088927 0.00025 0.001
-0.7356726400186417 0.00025 0.001
0.07200708150238255 0.00025 0.001
-0.2788084489791528 0.00025 0.001
1.0217598697455128 0.00025 0.001
1.2324776094153058 0.00025 0.001
-0.2190435050725578 0.00025 0.001
0.6568851197640878 0.00025 0.001
-0.48709657671604184 0.00025 0.001
-0.17359590749312534 0.00025 0.001
-0.7272094373855754 0.00025 0.001
-1.9045615055757175 0.00025 0.001
1.356378806665809 0.00025 0.001
0.5383048363515571 0.00025 0.001
-0.49562323782155954 0.00025 0.001
1.0587399071440282 0.00025 0.001
-0.33561989215188515 0.00025 0.001
0.1360140453833257 0.00025 0.001
0.45177267470757815 0.00025 0.001
1.1802932765363925 0.00025 0.001
-1.267134826447957 0.00025 0.001
0.40050937137019166 0.00025 0.001
-0.6136206684704502 0.00025 0.001
1.7669211224670651 0.00025 0.001
-1.1353746904221456 0.00025 0.001
1.8203404221016217 0.00025 0.001
-1.3412553686518711 0.00025 0.001
-0.011283343653910668 0.00025 0.001
0.6169270819674639 0.00025 0.001
-1.635585453424967 0.00025 0.001
0.4211107435367057 0.00025 0.001
1.5925096989133702 0.00025 0.001
-0.18420459241278678 0.00025 0.001
-1.1715191828390337 0.00025 0.001
-0.5428139612417424 0.00025 0.001
-0.6212355866613054 0.00025 0.001
-0.17286330728922447 0.00025 0.001
-0.43149773246425566 0.00025 0.001
-0.21815676171097506 0.00025 0.001
1.2452646355292365 0.00025 0.001
0.01597829800814485 0.00025 0.001
0.5137633418567735 0.00025 0.001
0.8350733351782179 0.00025 0.001
0.39883720267906186 0.00025 0.001
0.9362161243950312 0.00025 0.001
-0.6111955937430199 0.00025 0.001
0.9755680106219679 0.00025 0.001
-0.2946673760543888 0.00025 0.001
-0.5723588039184367 0.00025 0.001
0.2188606304781963 0.00025 0.001
-0.5118755807450716 0.00025 0.001
-0.8282277605978724 0.00025 0.001
-0.8957073285107177 0.00025 0.001
0.6875515420169327 0.00025 0.001
-1.2263742732852763 0.00025 0.001
-2.7495897083138097 0.00025 0.001
-1.3847678560603243 0.00025 0.001
-3.6255630926913605 0.00025 0.001
-0.05969509747241086 0.00025 0.001
0.22232541202192535 0.00025 0.001
0.606681544167206 0.00025 0.001
-0.5292457304047855 0.00025 0.001
-0.7049880818340569 0.00025 0.001
1.61926908567426 0.00025 0.001
-1.5053030283869353 0.00025 0.001
-0.38355651839646915 0.00025 0.001
-0.4745277638429816 0.00025 0.001
0.4454818052977352 0.00025 0.001
1.5998411798576015 0.00025 0.001
1.3604293552478326 0.00025 0.001
0.515872996289651 0.00025 0.001
-0.2643545940108775 0.00025 0.001
1.1064443137446944 0.00025 0.001
-0.045872805891088664 0.00025 0.001
0.08970758001880645 0.00025 0.001
-0.4949596530034957 0.00025 0.001
0.48026346131157444 0.00025 0.001
1.088529429557669 0.00025 0.001
1.7331988402719691 0.00025 0.001
-2.3973841672236067 0.00025 0.001
0.7179384906662927 0.00025 0.001
1.1934298844319788 0.00025 0.001
1.445229967575106 0.00025 0.001
0.2438184767583159 0.00025 0.001
-0.10299486740175394 0.00025 0.001
-0.03232694803915992 0.00025 0.001
1.6372743819271711 0.00025 0.001
-0.33417221568961425 0.00025 0.001
0.7822268300878581 0.00025 0.001
0.4769600859012293 0.00025 0.001
-0.31203153250232124 0.00025 0.001
0.9555341850807793 0.00025 0.001
-0.8309575951158975 0.00025 0.001
-0.5608385769709043 0.00025 0.001
-0.05478409508548734 0.00025 0.001
-0.14253746186510685 0.00025 0.001
-3.328879947593837 0.00025 0.001
-1.8244118453211555 0.00025 0.001
-0.2721749372315527 0.00025 0.001
-3.830634797474373 0.00025 0.001
1.297640813880692 0.00025 0.001
0.9168590418276895 0.00025 0.001
-0.7823419924954059 0.00025 0.001
0.04137007222918121 0.00025 0.001
0.9621115089526328 0.00025 0.001
-1.1722492526016692 0.00025 0.001
0.3831503474936295 0.00025 0.001
0.5388965958190249 0.00025 0.001
-1.250404118453353 0.00025 0.001
2.2519149864544237 0.00025 0.001
0.19851622614601305 0.00025 0.001
-1.0688034361761967 0.00025 0.001
-1.9634613611932574 0.00025 0.001
0.9413194369942728 0.00025 0.001
0.9698854143119776 0.00025 0.001
-0.10127636514200226 0.00025 0.001
-0.23170807836480112 0.00025 0.001
0.27563830734065514 0.00025 0.001
-1.062417170052291 0.00025 0.001
-1.3413246731474244 0.00025 0.001
-1.9433293954476625 0.00025 0.001
0.4730220182295816 0.00025 0.001
-0.573544996212973 0.00025 0.001
3.1738664992154058 0.00025 0.001
-1.4088758715344853 0.00025 0.001
-0.05680970420098458 0.00025 0.001
1.051839169643525 0.00025 0.001
0.4573417795359617 0.00025 0.001
1.071840370874491 0.00025 0.001
0.6943665237434863 0.00025 0.001
1.261521414278233 0.00025 0.001
2.1608987252282654 0.00025 0.001
-0.20202748473783885 0.00025 0.001
0.6419848040093329 0.00025 0.001
1.5576511208071224 0.00025 0.001
0.7031342091811329 0.00025 0.001
-3.55420971515422 0.00025 0.001
-1.260252297894621 0.00025 0.001
2.0589031006614875 0.00025 0.001
-0.8374043088418149 0.00025 0.001
-2.139616094258988 0.00025 0.001
0.9155741413702478 0.00025 0.001
1.9493262567764338 0.00025 0.001
-1.1147674197916755 0.00025 0.001
0.24560879198125554 0.00025 0.001
0.30118808317646156 0.00025 0.001
1.646937350336093 0.00025 0.001
-0.7281053145030766 0.00025 0.001
-2.17278133765326 0.00025 0.001
-1.2140557336623554 0.00025 0.001
-1.059144153984948 0.00025 0.001
1.0524711412244097 0.00025 0.001
0.0780484287671656 0.00025 0.001
0.7402032715836017 0.00025 0.001
-0.6727818602413408 0.00025 0.001
0.563564417989758 0.00025 0.001
0.9168117461941073 0.00025 0.001
-0.07488285748289251 0.00025 0.001
-0.008541090179255506 0.00025 0.001
1.9863392831918842 0.00025 0.001
1.4323432223814312 0.00025 0.001
0.5383552071253376 0.00025 0.001
1.1211287505162486 0.00025 0.001
0.5784096207826157 0.00025 0.001
-0.4266778166460936 0.00025 0.001
1.5714366680312322 0.00025 0.001
-1.0149388878411816 0.00025 0.001
2.09911909825434 0.00025 0.001
-1.1223860906408656 0.00025 0.001
-0.8635486496139574 0.00025 0.001
0.6196373435910062 0.00025 0.001
-0.15722886417796134 0.00025 0.001
-0.6830350508357778 0.00025 0.001
-0.3690728257224552 0.00025 0.001
0.1452887068554681 0.00025 0.001
1.0560039178316318 0.00025 0.001
1.462079388676712 0.00025 0.001
-1.1414213202859413 0.00025 0.001
-0.35495442695967644 0.00025 0.001
0.010135669884680917 0.00025 0.001
0.46399745009620513 0.00025 0.001
2.7610758907263757 0.00025 0.001
1.6067637448230636 0.00025 0.001
0.534344897612023 0.00025 0.001
-1.3653585997987319 0.00025 0.001
0.730707112153791 0.00025 0.001
-0.45644186237776313 0.00025 0.001
1.6612697461212356 0.00025 0.001
0.424151730279299 0.00025 0.001
0.0863900420056551 0.00025 0.001
-0.013731524386819719 0.00025 0.001
-0.23694140156921062 0.00025 0.001
0.17297482043539958 0.00025 0.001
-1.2629576026798117 0.00025 0.001
0.060797572051295524 0.00025 0.001
-1.2286730669782557 0.00025 0.001
-1.6327375645737163 0.00025 0.001
0.5986099862358033 0.00025 0.001
-0.11352421602516231 0.00025 0.001
0.7530515912334806 0.00025 0.001
-0.9753073767650015 0.00025 0.001
-1.0149044481323723 0.00025 0.001
0.13679579908505782 0.00025 0.001
1.5285938302198048 0.00025 0.001
1.9306286002387747 0.00025 0.001
-1.5306677554954715 0.00025 0.001
1.9555686112363073 0.00025 0.001
1.1248431819857392 0.00025 0.001
-0.38132416554285936 0.00025 0.001
0.4434503574045796 0.00025 0.001
0.5350550721579214 0.00025 0.001
1.2337019495188843 0.00025 0.001
-0.08809753860803811 0.00025 0.001
0.3704139565495011 0.00025 0.001
2.2995454312308934 0.00025 0.001
-0.5043746413922003 0.00025 0.001
-1.0936742804496455 0.00025 0.001
-0.07730357104269198 0.00025 0.001
0.6922466726208429 0.00025 0.001
0.21332745262660438 0.00025 0.001
1.086447082485495 0.00025 0.001
-1.743620044379546 0.00025 0.001
-0.9657689027293368 0.00025 0.001
-0.9130664697514924 0.00025 0.001
0.496741394879574 0.00025 0.001
1.2193808351812947 0.00025 0.001
-1.5749104549596382 0.00025 0.001
-0.8682872239992482 0.00025 0.001
0.06985018768200875 0.00025 0.001
0.6186966684135372 0.00025 0.001
1.280890261403031 0.00025 0.001
0.2405060989585893 0.00025 0.001
0.10148625893172536 0.00025 0.001
0.6254934777960129 0.00025 0.001
-1.8423932006125068 0.00025 0.001
-1.5357686495296041 0.00025 0.001
-0.9151163032263492 0.00025 0.001
-2.340876667518416 0.00025 0.001
1.2692708162714899 0.00025 0.001
-2.122285708547565 0.00025 0.001
0.44333231115564314 0.00025 0.001
-1.3904619925328119 0.00025 0.001
2.6895510885011458 0.00025 0.001
-0.995373049014546 0.00025 0.001
1.304904836650967 0.00025 0.001
0.38944534085495247 0.00025 0.001
0.587894052270991 0.00025 0.001
0.6037041484252973 0.00025 0.001
0.6545421188541606 0.00025 0.001
0.6327263944533108 0.00025 0.001
-0.7652087825102627 0.00025 0.001
-0.5254375870074323 0.00025 0.001
-0.9101086620924405 0.00025 0.001
-0.9453974218088464 0.00025 0.001
0.21356306411992806 0.00025 0.001
0.040508679863670606 0.00025 0.001
-0.38816983433559527 0.00025 0.001
-1.5106454039320336 0.00025 0.001
0.5965577402130122 0.00025 0.001
