2.207633640513491 0.05 0.001
nan 0.05 0.001
0.9467262601769139 0.05 0.001
1.4007801275627705 0.05 0.001
1.9300124438557476 0.05 0.001
2.852745840813288 0.05 0.001
1.5767623257054753 0.05 0.001
1.4441027706664469 0.05 0.001
1.5122010842074276 0.05 0.001
1.9169671989940984 0.05 0.001
1.5837250214137135 0.05 0.001
2.4658749847654255 0.05 0.001
0.990978240524659 0.05 0.001
1.3791879894232058 0.05 0.001
1.859880254840867 0.05 0.001
-6.191950844861886 0.05 0.001
1.9031400762102957 0.05 0.001
nan 0.05 0.001
