0.8719645260024782
0.42758471867603337
0.48703974185058035
0.49721625474113534
0.5718388835519407
0.4511826649110738
0.4683592304431003
0.14757322412500237
0.4428019293791606
0.6231299838457692
0.5568430674252728
0.48549850024457003
0.7540783015284463
0.6469266298663441
0.7241685653705993
0.5535432010013042
0.7583777748218967
0.5200858506233602
0.6971152270619072
0.584990129039589
0.4768155058362337
0.5236914003951444
0.5809144340477732
0.6353181475838557
0.17821316516714725
0.5294207112109466
0.6439845345927925
0.8355551999398219
0.4694744660337333
0.5356526098343234
0.590439996103347
0.6014886082715379
0.5058290679107569
0.46681369055399496
0.5208027754698935
-21201.80726721265
1.0334433316066216
0.4178969373803727
0.4649343666090737
0.18088562196858338
0.48775074800410906
0.5581875469084651
0.39666131860822373
0.5996008358459978
0.6916954757341759
0.42869148964655196
0.5499521440480607
0.5709401732714451
0.8101952470546903
0.6730947851395719
0.40807605387615076
0.5773002624080587
0.5621364696315135
0.4872269156413447
0.6359425919121139
0.5501115371255884
0.43730526418086796
0.23005962240939795
0.5683772921837851
0.4828261741123215
0.4864406651706241
0.47823968875390105
0.5170471094833243
0.4706404914075198
0.6508442360776477
0.4793013426835644
0.5586485849005459
-3.6313950517722446
0.48860834072865217
0.5153788438003261
0.453220628420163
0.7414991822885422
0.5145875022323819
0.5255335183671573
0.42805620569227126
0.4219802977198946
0.5640238532048851
0.592038356225644
0.5184409305614311
0.5178227886990623
0.47997641894065257
0.49724274998366447
0.5888884926384289
0.5480195898911181
0.5693852323868349
0.6455512524076851
0.4774318631523613
0.7605570608732223
0.5724301230029237
0.46279020677656857
0.4864772626013931
0.4624589067814009
0.4066096541887049
0.8346944850783927
0.6428965042031607
0.31476223050730795
0.4775195076441063
0.6279907717728288
0.6309215537794012
0.6488530921575947
0.7349230519137384
0.4313642349258268
0.40326529254609894
0.727750753048026
0.4658882798350124
0.46324657883913484
0.7674011505646819
0.605481107528096
0.5724155400638682
0.4375501552211864
0.5676352721458559
0.4642886868650611
0.48490956404343594
0.8880527573719587
0.7623188448394217
0.5435649944852402
0.5472552832657973
0.8351385710909103
0.46610937078055664
0.09190989677279293
0.4253281171116319
0.5555979642402283
0.47037501380610447
0.37076321031608445
0.4677363417074683
0.4132733024637736
-660.1636910075556
0.5414067100381196
0.342020040652359
0.7771298090060813
0.7014840428261025
0.424628847405452
0.5909422064533588
0.5298323648844204
0.609939512512892
0.45789057112070536
0.5433185814763574
0.541648540672851
0.654185914465548
0.4639354319543035
0.5161972144259298
0.9921358139198752
0.4386313536711166
0.44643064964403645
0.7300540417637547
0.6479167387200594
-844.9659285687652
0.5317892815759562
0.36094149473143383
0.48573620320552696
0.6510120406327136
0.49280304635020117
0.5203723338101055
0.5586432152912775
-296.1663370119042
0.43740275519447724
0.5321749161061303
-55.34329865254716
0.4756808651876847
0.3884392944652764
0.7494539673774261
0.6049765222049758
0.7010426180611019
0.6474887861333667
0.5606979228404533
0.8082841837676273
0.5029128196038206
0.5359248073832887
0.8391654258205333
0.44073509210842093
0.5831020632575061
-1330.3313188802258
1.108196842857356
0.631388347608947
0.47425474343999546
0.6016819741340081
0.6379149267546729
0.5380559315216558
0.3531626843765358
0.4685325284382253
0.6814940936114141
0.6263211473031208
0.4420066535541151
1.059636672943552
0.5212797054388209
0.5022988595195743
-322.23396666366443
0.45227869059838394
0.3787574203433634
0.47384306481600724
0.6517954291379559
0.38205323282489534
0.5349762111597836
0.5464362267445303
0.5065851682543333
0.49484496973335085
0.26110198563822684
0.4661316894906021
0.56416683625085
0.5386774146510687
0.6562647901651782
-89.70900868930049
0.8022272133542568
1.5049312601869154
0.9501134427790506
0.4911404250073113
0.46838888890181557
0.39726767098027255
0.3489983714054439
0.5854634743526864
0.7468943056117118
1.0521407349432446
0.6223947997969105
0.8756627167911996
0.4871197233584889
0.8342208935492605
0.8201046074725168
0.5045767478840998
0.5728479996633327
1.0398832594385852
0.4517659883968534
0.5289165046015006
0.5743795922748958
0.6785228790012687
0.523373771209182
0.43010348670121884
0.598210159296634
0.5242943388073525
0.5717159440810857
0.6113788038922169
0.48232916642367546
0.45479334882578226
0.46381882901891375
0.5958977095957975
0.9328745580230525
0.49872318248052916
0.4207396547390541
0.4704053341349433
-2491.3872465295817
0.6593265961929148
0.4460444111921346
0.545623537866537
0.47314688456449133
0.49866179605277633
0.47417803666624664
0.6230308808035159
0.5127487591640336
0.519071651418026
0.5116788611386262
0.46800686306322165
0.7196947004451276
0.42748317925615154
0.7114806412377979
0.4853879279234515
0.8417354491998829
0.5848445481742209
0.8772155341332261
0.427096838516079
0.3956436423288341
0.47477364159485164
0.584741274385152
0.8114065636479734
-969.039659201976
0.5970936406345474
0.49261321238483213
0.458679492955647
0.4459336729614522
0.5692914369859827
0.4535232383591914
0.5494736454081561
0.4670804813847235
0.4930072636100593
0.8637442837748089
0.5041492190207353
0.5477356535280586
0.5201012499564596
0.5305334726102015
-220.94770252510918
0.5221663196839054
0.45659707502049657
0.6111857915748008
0.5108753833221292
0.5090762120416513
0.4379333615241921
0.799693205907285
0.4789615437847905
0.6895607914247628
0.47406514102830605
0.5590922408378018
0.7405131208500918
0.3879729494394903
0.5881860682476306
0.4823567099984236
0.45610407809576364
0.7915270454852434
1.1379575332391678
0.5057451937859551
0.5099001238476634
0.872520099265094
0.7710304569060438
0.4960455226960245
0.49860494117792015
0.7920404285558678
0.778555595173557
0.45623188712987034
0.49616124602254197
0.5800845749750542
0.4306213259682064
0.7902324988312737
0.6984845435999888
0.6438512308649783
0.4996153827966518
0.5431539216073428
0.45161402768319087
-5159.138150156162
1.0397107078843417
0.842551315592091
0.6398868277153239
0.48068798404808716
0.732234822066832
0.5108976205746613
0.647778128743766
0.4872376338725494
0.5364408350360241
0.5714021449712278
0.5301593068014504
0.4928674221351707
1.1189105003889734
0.8185866383630739
0.5493163889447821
0.46976579698286486
0.6375151388946473
0.5670237290968377
0.5246014827396106
0.4242892388503588
0.4054005375649816
0.5160655884599096
-36.78335155726341
0.4923055188815335
0.5149702269053744
0.6418141374897153
1.04250010817149
0.8165753028132733
0.6435593319287995
0.5754855086909186
0.477643432845708
0.5407735907180892
0.6131504385393716
0.42169104296851573
-104.30275212556457
0.6069373843943473
-242.16984159022547
0.7797063421975555
0.4791790020713011
0.5985706413524107
0.46620006884692805
0.5924079425258317
0.4971707169449365
0.787494866122939
0.4911865117522733
0.5284694507199698
0.4636803235726228
0.4980033302205706
0.6159438745290317
0.4486282838385825
0.375679815847438
1.118468751118097
0.7442065780352642
0.5467578092563005
0.7474202537036497
0.4942121737345478
0.7084287900714387
0.5279596962130075
0.7511456244242266
-0.26327810200565355
0.7652228619779927
-165.56486265434455
0.506414673957983
0.6885387732528346
0.566679807896909
0.4934931057674698
0.5642542625306631
0.6401185514785537
-4.144766073556854
0.6369194463076413
0.3455744842879896
0.8096234661532437
0.48213748395570694
0.4601157183400421
0.7690013577698506
0.479884496754631
0.4849582025816941
0.7019355941622605
0.6921798023745883
0.469717469343121
0.6837681081969982
0.5589459452545817
1.2072285843741615
0.8636330449255748
0.6693236239901427
0.46161902421217943
0.5179676738466384
0.45909179774454634
-1568.5658202456043
0.5126639484553089
0.5040114016246047
0.7476464424501246
0.4753930968748459
0.5781342166681541
0.5331840952081851
0.4642077239656445
0.5121474550649302
0.4562971222206567
0.5611302813820208
0.5283354695401732
0.8298865108512455
0.630154586522632
0.4932303744599508
1.1341635073569059
0.3208088849996658
-123.83739579105821
-11604.52309185097
0.5254114464142691
0.7745212422699538
0.7799810238926579
0.7773364636137092
-244.15968141340036
0.5731109634269772
0.6009604397847749
0.5365962964900127
0.4771704906051472
1.0805679571381652
0.5405885701478692
0.5191006246171292
1.0373741952801494
0.5288750206264403
0.652403693609843
0.7959338676347573
0.41765439273557275
0.6423299814452913
0.6179529431284586
0.5309007509555497
0.6583978263742286
0.5321294708609442
0.43959576832916736
0.5264845755041253
0.4989556570975761
0.5259373663038746
0.5350727384175588
0.4635624811797321
0.47350489465316475
0.4767797426119533
0.4973757150292724
0.5228396828371972
0.5103988868809309
0.5986527513732288
0.5130255954212201
0.815522102895531
0.5639974629982926
0.5411071010266799
0.5905500119128436
0.5476621250469466
0.48391227056738045
0.4829039157628538
-0.9486708753500274
0.5887539817156262
0.5452661681032107
0.5580872787790203
0.3863023248446838
0.5600798767150027
0.5744634985712299
-231.89096926081217
0.586211121997958
0.5443063032947716
0.6961754046629558
0.5416934395695042
0.4684397714538127
0.4906091301055047
0.4529562663293158
0.5672539192908278
0.46022983742064855
0.7690284837319433
0.4590483691332194
0.8388556478494212
0.5052957073296499
0.5956644351782475
0.9635934695315539
0.6139631455198199
0.5359895601207827
0.8017155596071744
0.7026614717827471
0.5046817950547552
0.4243743157241798
0.7494762243831876
0.7223492196317873
0.6752104549630257
0.7078228697792098
0.5050524819200981
0.4844713819690851
1.179767388497953
0.5856716807738893
0.5310225597337764
0.6675649009564898
0.7312204569799637
0.5033020891854887
0.8946299306990252
-5099.438394417161
0.49988861236000653
0.7609710980805344
0.6222222873986253
0.42126381641117056
0.4600921060949708
