0.054608244096675064
0.08554515012412904
-0.2119436608969424
0.6307015113365012
0.5475609338545397
0.7629630178968987
0.8729705982269049
0.04113163825250082
0.5710947007671007
0.7550823326378014
0.24647655319408188
-0.11672384684072608
0.8708368740825793
0.5546481001595674
0.6858966852906537
0.21952130709735893
0.6096441095314864
-0.29388328604111197
0.4891171803218566
0.3657122916339923
0.17978325861253563
0.9338127668224813
1.0789067529902348
-0.037467328162655224
0.6004261767677357
0.2505208540597638
0.6256120303089697
0.33528843427796956
0.4465124746994497
0.7660354925736108
0.5698855253474748
1.30870496635729
0.5070205290063204
-0.1672031226154345
0.31526704087630314
0.8091799765146604
0.4345392137724456
0.1853995328890392
0.8334418492771669
1.0775353603263391
0.5239776376061646
0.160831920839173
0.7683500511464114
0.4682951281847357
0.8090406606343755
0.2769113642352407
0.9457092860581708
0.39131110011503395
0.3531012470785672
0.002028947261638945
0.43623989965592497
1.0386790173759222
0.7558075358330715
0.5079767958632818
-0.2021760493632889
0.2353988502586343
0.802889244851979
0.3447005053866115
1.6636934466348345
0.3293793687604105
0.5330163307125126
-0.13432893714468028
0.6444177538322838
0.4831703802750935
1.0119442297889343
0.957280616328223
0.561278068144142
0.5932745086189338
-0.5861184473576846
1.0920215487710785
0.5969547869613212
0.6864933351256997
-0.5441939500260501
0.6717565044623953
0.26467867550173957
0.9560059473920042
0.6984104524872885
0.22920535612403312
0.03333385308324897
0.947437762418564
0.9087546997933321
0.06817222614630603
0.06393500419965074
0.5199457825877652
0.2016777809136978
0.2804043427594824
0.9923351461501092
0.31905401381453535
0.6918798586085978
0.6024169716197764
1.4152878201736403
-0.05083973086869303
0.7840825446317158
0.34859583286987467
0.2925275098428141
0.44344798493782633
-0.09711544240618442
0.7686642228944285
0.2533338745611914
0.5749604486835773
0.7942929819347005
0.2531872994708013
0.6190714927931671
2.192102167191065
0.6608830960637232
0.7674012279201108
0.38749183350805677
0.712680925487383
0.7560435304387022
0.7014025007597559
0.9313437872905274
0.5468577142501472
0.31599159958112844
-0.5580030385389921
0.4445383794708366
0.6165777639029838
0.4369889014504493
0.5813748649972034
0.47280899342821797
0.6223986579641737
0.5068051226673674
0.27781174866577935
0.4624750373876146
0.38413599007210636
0.29274194687154215
0.788434934145093
-0.08345425894459384
-0.027834671830816643
0.4018128804663636
-0.7706827362279706
0.32876948358438196
1.1021585009520098
0.9072697882260389
0.45020004565836064
0.18719643858464252
1.4445238660867055
0.4886670947928354
0.6913551010595004
0.8818659885316542
0.5521331794899293
0.5560168979488195
0.7034703480172784
0.01888295287480631
-0.2947676645613098
0.4493530488766484
0.3178117809430159
0.49791362959673896
0.3097965830283687
0.3229133006131749
0.1577823738503281
0.5348280139725311
0.23940134566111596
0.726786925959498
0.4880601982425379
0.21864837888636068
0.678836304126606
1.2290789513300866
0.2537129406678748
1.1241127630305117
0.6941427384254307
2.2289948837186118
0.13673856177730562
0.8547274250642527
1.4936571284076443
0.5450266700995395
0.4395359013878865
0.5393518101588773
0.30662233224960705
0.46753928856083715
0.41045995859962
0.816701796869352
0.642489596443735
0.2997488338161921
1.1743006862879333
0.6215054946176048
0.25028820429920295
0.006236102864625642
0.31524961291065784
0.6401941890079716
0.08098450053940398
0.11112238955249402
0.35641951608252187
0.5772789956646005
0.5497864453627156
0.41741164746768816
0.6569502227332118
0.5763748051038914
0.2699367557729809
0.5419561709445792
0.84216242201832
1.114417925764144
0.5587996787256397
0.7400607830886866
0.9781527445516464
1.2385290016269972
0.2151344235028169
0.5433178247076157
0.40406205956113156
0.7037396664114626
0.642991860064055
0.5929565918004268
0.1030644642713413
0.29258133455652174
0.479468970457748
0.7031053535892856
0.750883410077896
0.8634292776564098
0.10961545039034432
1.183364743228586
0.34247430007403445
0.6056345693398402
0.23764856328145575
-0.056375844670828935
0.5179005706727255
0.7910304314710173
0.47219393363641826
0.6589215309522172
0.349275506287081
0.8467716907150873
0.783457142570969
1.4998075327381395
-0.10180571178253416
1.046318595489858
1.7092417655650494
0.403307366656009
0.4479841654700973
0.2916713644911637
1.1101949840744043
0.7567457513607301
0.8551689100885572
0.2459650397427994
0.5538598332212681
0.6126215918623114
0.918301733594772
0.5982887993217758
0.6882223403902517
0.6879031212180138
0.007307007578859363
0.347900769434254
1.3401202138153163
0.9490321462921069
0.4960332685896572
0.5902106909332272
1.120965796916702
1.0110404669367756
0.5776541013179718
0.11893636234393329
-0.5116646967371187
0.13024286701417917
0.47164911140821214
1.0622118358060062
1.4503672015915912
0.8982475175403662
0.38458492754027934
0.897729214063248
0.3861925178777755
0.4284131847674564
0.48610706054026503
0.6341256251261226
0.6221898719979554
-0.20358212260325081
0.40591756446301047
0.5752028795618767
-0.21668710138155586
0.637018724717706
0.07441752062332663
0.17998986977486786
0.9576920051368768
0.3824766814960168
0.3522651676826649
0.48519906625915904
0.7474496128962316
0.42621889110894146
0.38710974785442837
0.39645041219547394
0.7221096680129143
0.547385231299988
0.5562046358538442
0.7781445630909453
0.9980136206666769
0.717895309237687
-0.046578721900336295
0.8028415670467095
0.4460624514470961
-0.2485722686740833
0.4922571760683155
0.6982479282628385
0.5698058973465222
1.0170969766263456
1.3193668185023801
0.8982610067487288
0.36447853609311337
0.9959594073455947
0.32262962764987696
0.22968489359250213
0.43943690051735523
0.7360871105334111
0.5440013069530407
0.5353590250658493
0.12987488505175734
0.10073672052227665
0.4585627995654267
0.3206033883327862
-0.23238249451405144
0.29106969165307395
0.9702796072249759
1.062209970505182
0.9543620426026412
0.3512469087467054
0.5634172666260561
0.13781185243347882
0.5621379509352222
0.7636875454652507
0.5158918246244681
1.2417500582642016
0.7017282482134556
0.5465061722509383
0.6148368477862639
1.2458089694230379
0.5677738275148356
0.8757550331001377
0.8298952574613055
0.6279490545997232
0.9355463951028269
-0.060435953959899924
0.3716668660946441
0.26020168385236186
0.28061625910941773
-0.8271983038274305
0.6443860574742429
0.990943320470968
0.30451376915713474
0.533231722646531
0.08135514300950981
0.19518698765041562
1.2632341137928205
-0.11816384727196196
0.20430743261276474
1.2237731395507117
0.9303516914679012
0.59442931219093
0.4465820439933455
0.9726174276285086
0.7252295377879537
0.5319201554873948
0.3836368545689773
0.5889299814957701
0.9386254443340677
0.10300501729809758
0.3331613583647504
0.3716505427323094
1.8183410968475509
0.3498391679683852
0.3802477023065272
0.7522546896144932
0.05382600735644764
1.2162832736356777
0.4487960781398006
1.3411478930481662
0.6312000077929807
0.25047375822028545
1.2794746739696694
-0.004670419415892542
0.5803560202722476
0.8752296313018988
0.6741919062306855
0.32541505978658414
1.0604078328163384
0.32827983546588685
0.16653311154431633
0.5151661038996009
1.3094455452345983
0.29205344709015885
0.9485174712946557
1.3424810030546641
0.4297214528949769
0.885962072774065
0.42015349898766446
0.5335955328690882
0.9171633379396243
-0.4169073693108605
0.503157855095033
1.0093760629968083
0.5836250978652059
0.25864083515656006
0.9583920346565078
0.6912755956065878
0.5492983546451756
-0.12780016633761004
0.7289756714904086
0.6940506506990732
0.056189186020758654
0.42179205802845604
0.949782126175852
1.1035201415741838
0.4858766159946238
1.547886792585483
0.14670525892242023
0.4355428175612968
0.573343467251156
0.3564232600892033
1.3380378485064186
0.5969439740329342
0.6557657588688844
0.18351620175821096
1.3771140133347695
0.72042804642683
0.3330155387699419
1.1621097581349755
0.850384546016912
0.6336798306939716
0.7681156664507264
-0.13816382849213749
1.3809626450477428
0.5589441651214425
0.6581904278107577
1.0431301640922606
1.2523931393078176
1.645518866514971
0.3187468354427397
0.3562300996445913
0.0342045594533962
0.811158945507669
0.6380514707952781
0.5229146809996488
0.44812028082824223
0.6308071394720373
0.16351336612261358
0.374978527325513
0.3299190206211657
0.43054040508171115
0.7116015561567178
0.7533162457357222
0.6296810441649597
0.8586768074843093
-0.006707560147843023
-0.13412592373839088
0.4285426486285364
-0.30882491919427485
-0.1490864413291899
0.052850141092057844
0.7633643611759783
0.6780835474896204
0.37980899935811907
0.354406750531789
0.30631608254147596
-0.26166495966624864
0.8744883894986436
0.5523182241367335
1.1720470191880044
0.44388575555331794
0.8865551719893762
0.4095123626947616
0.46072489359929597
0.44548870183094436
0.7680570139402775
0.9083750973890455
0.28932511625662555
-0.1242028238876766
0.26254405261331476
0.6388988334216944
0.23656683604854245
1.2334494070277253
0.4250233591966715
-0.23838878441451528
0.7531324362716211
0.8855855663250458
0.6003910933221918
0.2833796759171164
0.6491800799825688
0.6371434971097861
0.4710613176038767
1.101854166838595
-0.4606136651236871
0.6935549221523202
0.6053857121038756
0.1182773131786166
0.06295960663730248
0.8324433632372656
0.8906446463491943
0.9013949876731598
0.6532101717773706
0.7358208958786028
0.3498003175292856
0.7683741063176224
0.516829408896329
-0.18004295869621934
0.5868408730125229
0.7202299944904259
0.34469308001609583
0.7167228109787533
0.7830406063629151
0.035472409846202924
0.26578910381689813
0.4669531852775794
0.33759204037243107
0.8569185269237064
0.8354747368654273
1.0606548463692915
0.6922527867617078
1.0268518110832499
0.03294856201475254
0.5127190882368826
0.5280038460231582
0.5054763805591808
1.1334734097151904
0.743264718814933
0.7497601418757208
0.564647339100636
0.19414431418815767
0.7064989660115256
0.15183410409523437
