0.6094486546573717
-0.11217736581785372
0.7561865732461547
0.18128375314803466
1.0223225453727551
0.9719935234926563
0.6230672262793245
1.9845152845033889
0.6441353347017565
1.3239452376503575
-0.47493767814788224
0.9077004209088934
-0.05816855233344912
1.512664272634539
0.7840522027940259
0.35465215864232985
0.2067830759950915
0.789027110466872
0.290731553896252
0.5567607582057638
0.5003913239893765
0.3205518390197379
0.20511736083985457
0.23630700557294568
0.5558264058155428
0.527387796340951
0.6691430036385612
0.9220437905655676
0.7013894161628048
1.5710704596134848
0.3508218773504202
0.537799789768365
-0.02113658622275372
1.1050196045794647
-0.08692634311366994
0.3670634197777766
1.3485390865671094
0.8176217333320651
0.8294787319116429
0.16473271010719928
0.685728679398958
1.1075989144371963
0.763218876099268
0.7798474051952806
0.31598307770277995
0.6342999271211391
0.607347192633683
0.5635785762724277
0.881052561384997
1.3151686902418795
0.5059383504147716
0.5004433072667015
0.2878786128323782
0.7169133872353065
1.1643706880599491
0.29803261714746
0.9254788239349315
0.706050871963869
0.5925376841445041
0.9632464665069569
0.7934987402056596
0.26009656916691787
0.41853483884366166
0.742964445395429
-0.10016186738866566
0.49647591478920744
0.1477322338652268
0.5889915292723631
0.0013018921009203637
1.0166189824503327
0.0030655722293564994
0.4840974916305132
-0.18436834834227792
0.4946568835363932
0.5766202404931929
0.5578720495779944
1.0523608457998994
0.5796936750679108
0.5168206237051033
-0.2779196123772128
0.6958098382491551
0.2872601708208215
0.16831705503675154
0.5780693327457218
0.5501097458206438
0.4766417301183096
0.9370866453006111
0.28943010328538765
0.432231672065373
0.7375340619436955
1.0012726881257574
0.416587923087224
0.48763614390857807
0.8330872029341245
0.8502745392933715
0.8379961952533183
0.13156373529526275
0.9791005818694033
0.5016945320284402
0.24214885832686028
0.8336630360998355
1.1173597552120846
0.29256906238338215
0.7454785570442314
0.3864228521171697
0.5526372665746869
0.589338329609174
1.2327942750570686
0.6475473530088768
0.914835093004626
0.5385414483657326
0.30672159279204525
0.906432299447342
0.5922122128569334
0.8280801912527812
0.17479426137968543
0.5846977751224257
0.23258434901515615
0.5495645571657972
0.7058343448346442
0.5513933916484112
0.7019295459013423
0.6468914320878872
0.22884814253332378
-0.17781054182078648
0.7965454753195801
1.371765533669267
0.47701912962638043
1.143073396304961
0.9815056402496083
0.6039049140182281
0.516560965906292
0.7864682761944956
0.6965452435900836
0.8997207892938562
0.5697471515744066
0.3127513632809562
1.0904558173689098
0.741717454504685
0.19251449328057038
-0.006240177052829245
0.3654493285066172
0.6096044060033075
0.015578927584175247
0.4401970666669604
0.07943415207921083
0.5727262846364897
0.00938825374070612
0.8634040931650832
0.4117441664101162
0.08309092566329417
1.3220714532003823
1.163441888884036
0.44190655433742987
0.6166421982488909
0.32752687066950287
0.6617416220956411
0.27299772334564526
0.28249149599506557
0.5335621816111228
0.5450492695037504
0.11860922876220058
0.2852903986761824
0.6624960292479248
0.09756291172852118
0.604078367929312
0.18394021030792
0.4352721232292948
0.7440593007625259
-1.7038288618842647
0.0371810919962978
0.7899182349635697
0.11817159500210761
1.2063900475353349
0.9326258661357935
0.7551707907521981
1.098485723324288
0.15401902153332725
0.12298106876877686
0.8304938029652035
0.21994055903913165
1.1845660022628282
0.5105775496262919
0.17095718032879095
0.2651953094236642
0.2870654300574503
0.9394314166655566
0.025499520566085305
0.4365445386244618
-0.11749523851891884
0.4422229300096511
0.6598281889571093
0.39608046569618977
0.25943314026828035
0.36611018417641183
0.5844140680906117
0.39246657264574614
0.4169756493669563
0.1229813283022106
1.225277064481696
0.9776842277206876
0.6092448239983596
0.1766709342373417
-0.029937628050111558
0.775189374837803
0.4586422241388924
0.06330786987066601
0.8494763018065034
0.31006860885507187
0.4950855027550602
0.6831553763215713
1.0532209534020731
0.5195806845865129
0.7877291832690227
0.49431140590793765
0.05033884556876217
1.1235222387447756
0.5539656878914244
0.565664171129253
0.2798504289408086
0.18788135187650648
0.8693720391072529
1.1989770394062502
0.8572140783669114
0.47599932197164563
0.5160103050837491
0.3540654475440279
1.0034890544325268
0.32096016892621765
1.802967935395307
1.4132425763138121
0.6622818897121788
0.9145810570867111
0.49080213910274334
0.5247645010024938
1.0669528271931457
0.4442561872311628
0.5879330910706182
0.3762758212611732
0.6409456235988992
0.9643921068703897
0.7431874367941513
0.7110776561520834
0.7827367661551734
0.5413824421548904
-0.3089677397747705
0.22816214337093296
0.36939769800494404
-0.16059282525245558
0.8405060726453651
0.14744250231457146
0.5136217176396629
0.6755675897989305
0.7511335586338072
0.5426107797468833
1.5004952779864562
0.6172511080657627
0.8141834291447093
0.1456461304352692
0.13984774583415605
0.075791601723681
1.1313106654312268
-0.363021147919627
0.07038793229965368
0.47790851397386874
0.6658136214276679
0.9501603966842488
0.13075680506444817
0.17063781307170145
0.9127961961612335
0.4759719949585694
0.8505553837623604
0.3806057499624713
0.9304364592147888
0.7958470694927929
0.5398936022967641
0.5710783879103973
0.6166820126040832
2.3430852621628895
0.29513273547133473
0.885897148761121
0.3072991841029354
1.0457263258846559
0.3487618096642992
0.15023644144485723
0.27101085233597644
0.4354842345515131
0.1278561776912709
0.451897993750688
0.5106347693087355
-0.4061205208027774
0.7010032035258796
1.7200324470643775
0.5468909058927015
0.446172081512513
0.6314295610942174
-0.06953264002379674
0.9124885443458242
0.5507017626741015
0.7538468890327376
-0.050829049520710136
0.17630008566767633
0.2962246885372333
0.6026542398147362
0.8826165068591684
0.2277621997034629
0.3304330674334774
0.16488029287422137
0.8794209630897898
0.7769468280743451
1.4068981769984823
0.7017549965065976
0.5443776330161065
0.5389833109950847
0.24368480120340522
0.5012426420076613
0.947852905965172
1.211304622633133
0.4795927637167175
0.47502172305553975
0.4915627065774985
0.17824928039577959
0.004749019220263421
0.3321517438863153
0.8764256287861701
0.21893057778491223
1.6847357951131994
1.037318314250543
1.3168115109094698
0.4825265420481572
0.6074489831251971
-0.658636740610321
1.2826451915655157
0.1813619569848812
0.404456368238235
0.32383220531152285
0.2585498423149135
1.1851743176142933
-0.4541165886896919
0.07618973841680064
0.8832106626502035
0.5632806398222635
0.041773074580876236
0.5670822419339441
0.3385163547374262
0.49740297992158106
0.2843585637445886
0.7410139449911473
0.7147140450352872
0.7971429731571368
0.7490342605062951
0.930440512496871
0.6144666247365878
0.0007191159031844363
0.3116697178528044
0.28860168394258706
1.111406861196831
1.2309589838117174
0.6659050178011964
0.09635942728354058
0.989319324634482
0.5396788595947623
0.21630424520998326
0.15523694172491215
0.3815379539593975
0.8348663247948155
0.7476619504419149
0.17999120577328
-0.10080707697944426
1.1190276671553747
0.4646010428597806
0.9020080133234628
0.6756481283068406
0.42042380284830044
0.6010401353391323
1.2358857671923638
0.8707502837360291
0.8852853829717732
1.1703733212280434
0.35941220600662555
0.39602226989233186
0.8538950139541418
0.28599311020576973
1.6317009114315664
1.1490948116234405
0.24277355779810506
1.0074720429610895
0.3788444821650723
0.4202171187755226
0.8592118973502659
0.28452980809022516
0.8482512244405956
-0.4395905499862962
0.5351127945197139
0.22614082172970837
0.04537517835647956
0.6285009476650366
0.6801100801555542
0.7766878895860932
0.7876500085783932
0.9154791147040413
0.64887175892101
0.7947919820853414
1.006707588882785
0.7319317061067444
1.1392750972601422
0.9815985000185754
0.8026717710569541
0.8080315223564815
1.0718213828135748
0.19004105684015382
0.011733352508407865
-0.8562524811558051
0.4052161298106956
0.7898164214200056
0.28160819084304956
0.5531921791644463
0.3602871967965285
1.0773488532496245
0.0522204561693883
0.6452549279059809
0.5353531760837246
-0.5700891693148137
0.2796395182005253
1.260228536535222
0.44353780987621266
0.9519622099543802
0.6688556888243906
0.33177383979288305
0.5620428334165192
1.326500754828354
1.2400299539698347
0.40593446313315473
0.4785072861525599
0.4245448720112514
0.7467468721436612
0.46283229778559626
0.2181426141528496
0.47433387640682034
0.0027482791729977287
0.9910375010246907
0.6252163262869382
0.8936471924121147
0.07984904281217804
0.8085793329010112
0.7615867307058486
1.0985473536174941
0.3464051838110839
-0.03727426249467597
0.5020449861564037
-0.7682779186439878
0.6764977974685599
0.052290430589920424
0.03677785512795536
0.6733801163370332
-0.33256705407917014
-0.41786865978635984
-0.0157752842341505
0.4959713355979698
0.8792454057477596
0.24400591479876388
0.8248202346261979
0.8452376440899064
0.39770697402527816
1.4272179151367912
0.6921964419485325
0.5166083163238842
0.6432737292942138
0.8919685312207681
1.121716524943355
0.4155444575898304
0.9380995008738114
0.40346283754953216
0.9513067895239015
0.8225588080811552
0.43108020416881687
0.5522460335591447
0.820107196974098
0.5722124702087216
0.7243273968711751
0.2587130511244877
1.1226751316710477
0.5244338201482095
0.6198398109782959
1.1946350782813921
1.18980102163071
0.9408560864413701
-0.14596700854620137
-0.04827033266091285
0.9196536268407923
-0.02458924611249022
0.44085941606853174
0.16500642528205112
0.8153007229981893
-0.1449277940086295
0.054830078246277614
0.8032317505547747
0.3239947191466384
0.8246573431489693
1.1071375292649384
0.34623894888658197
0.06701801114246081
0.4742215096466216
0.668855767767397
1.3935129159354946
-0.5910939236949232
1.4841258638317782
0.6537962779028993
0.8817909574523451
-0.022959565977406952
0.9422513004472521
0.6387200636511734
