1.320225891889134
0.9358591082264228
0.2046573464394941
1.0324143852956356
0.8124836085694417
0.8437559272810103
0.7255507186596772
0.6290159309329649
1.4478583822380608
0.29821468502046855
0.726219834553867
0.46468175480767043
0.25816786307028666
0.9967828886454554
0.6571970625650573
1.0277472067586777
0.2928357174081568
0.7901799951957501
0.17912373502629572
0.7735812863234829
0.8286111710161713
1.409915617797471
0.7741739640494284
0.7047157318553787
0.5944744489332616
1.0531529315586061
0.8308026868618663
0.352604485248522
0.7500603320323718
0.6950465273521074
0.778824660285438
0.23741690701088425
0.5663460445312586
1.2856128053973228
-0.3854699329391833
1.1266039563812797
1.3735009327419432
0.15510967574447657
0.4829481896776286
0.5534651651304133
0.7791207999188455
0.6347784814460119
0.43777838690025495
-0.0536658015648722
-0.026093421625554742
0.553638077498145
0.036988359219122156
0.3660484001150108
0.9735460956232419
0.33637237715524587
1.3464792717305782
0.3507280915561564
0.7322314670049052
0.7032596505056014
-0.7090779571674615
0.43828724785876205
0.0785331567373676
0.4464158743129587
0.4060103360378496
0.29549731032144355
0.5667427660212524
0.5070210954044727
0.9703283046133927
0.56594239984492
1.1687864516935929
0.4975304440858242
0.4547786214567786
0.39548847216955013
1.0190012762639415
0.9582004207154338
0.5720973013428013
0.4382666238146064
0.35780970788908384
0.2722737585333919
0.7448487124065291
0.051340639603226414
0.27726162620381306
0.7253777447932226
0.2684402354333764
0.4859407622376412
1.5340856935708758
0.6313962961577048
0.27966860892926104
-0.071714961686017
0.701102230163465
1.2871652871212633
0.06167478843309073
1.114445261325631
0.5050145679600447
0.7301572451714105
1.7874021055724107
0.6187491345588183
0.5516216920032205
0.08313989810962279
0.6346747584924101
1.0780785434743496
0.7551293347655376
0.4022145895008913
0.17042683489183666
0.8188111612956286
0.7978677371334898
0.5035561865461274
0.7688617574796859
0.81727880379661
1.3408515386192643
1.2080329388267168
1.0355993621380375
0.6708660365968161
-0.042428599975471694
0.8332259264648586
1.0645339862610457
0.7901973701137354
0.802225196507735
0.027727606340105126
0.3930018725167664
0.2910124520926261
1.0647588556980183
0.7385952882714749
0.7322897867976742
0.23268002770077403
0.5633088632381168
0.4083228122608939
0.7464128715319213
0.7160793611046147
0.4576626363611746
0.7047581624484572
-0.01322737072160246
0.3721260007248232
0.493626152619123
0.3824885428069762
0.144394758263457
1.3499056885197682
1.2558067664853771
0.2070431754072086
0.4775863812327856
1.0936068699619075
0.18737342604444396
0.4177175395007224
0.9838963251267959
0.8984518822327278
0.34408911088707433
-0.07624258638758041
0.8915316468678213
0.28345754894117436
1.146639472295761
0.27313534011106927
0.577147232750422
0.5072637262576566
-0.37400508844728914
0.7943094414917232
0.520026745713419
0.21836608614681927
0.21684999264567925
0.33025047036168903
0.5612352309679592
0.6217254125432804
0.6443541925572172
0.2033311633776668
0.693059919380301
0.008253741437512405
0.3088590423635535
0.48591799626950083
0.9392103042200071
0.4770772837568677
-0.01673574692036618
-0.18159739466709965
0.6377101350455033
0.06731925494084183
1.0243185063222184
0.26241484242236013
-0.017258174302201817
0.5413830472798061
0.5416221754594921
0.6102538414394777
0.4526445630313954
0.2810306550190263
0.3984899291455309
1.0224052464958964
0.729937487879022
0.3439070217882014
0.8297748844642477
0.6457808931275973
0.47653048331379405
1.1730595543826923
0.03416119217203676
0.5604955194018512
1.2091764304416854
0.5359784142526647
0.4000599958799338
0.08568514622532532
1.0748092445204651
-0.040534038342549074
1.2807509217885185
0.3176897323270926
1.2298015719983135
0.9180111435207531
0.2786000816845919
0.6613838602853362
0.6861059214123778
0.8224760201479602
0.4888085693671658
0.16009743262220466
0.44130048860868043
0.05939644249541463
-0.21362074506746717
1.2787017113853782
0.78308874725029
0.7495169584724152
0.43464110432325653
0.2563226861954686
0.9844829129743577
0.6527751549737636
0.5088760045972545
0.6479361201683941
0.5771630320814141
0.6965491715979035
1.0175707856366591
0.15141989315932713
0.4037497787507145
0.5662175906365698
-0.7457747259476105
0.040497624151208396
0.9413356766888139
0.2868593276647618
0.1625520351319345
0.5704439224850003
1.8216406360912447
0.4514036447559054
0.104132204775833
0.5430702281342737
0.8145212423778355
0.6575742494145533
1.0151309310829928
0.696097714362208
0.6533825849665016
0.8096835901257369
0.5842990936461209
0.8887833111899491
0.4381843266287229
1.792004453989728
0.009340866887698696
0.5121492629846905
0.11486586322690413
-0.0022867425992078028
0.8686694808089829
0.6628312334050391
1.1736069178960589
0.24708161655469926
1.097689041253212
0.637727680237811
0.366179552568805
-0.0012432653396467416
0.49769208477597027
0.4215567214151674
0.013488077334635135
0.6955959851490151
0.5108327647908053
0.7650394860525579
0.2011854734681118
0.9849278342539116
1.2461328161666156
0.2901312286897072
0.36790307729808197
0.3470621433093666
0.8126769730765515
1.029539928172378
1.6061325453730178
1.0578186992334622
0.2757199713879413
0.6962337258081348
0.19233175330747923
1.0875442324408764
1.0707204703816355
1.6501179293582553
1.1223763453869129
0.6070520705351882
0.3783324021756042
1.0203579959628446
0.9024480170178443
0.2539380583569287
0.17244017724186236
0.19698756606271173
0.38758552269662877
0.9209983164473955
1.0603222411095539
0.8393606126565148
0.4529266252671574
0.43539378205596563
0.36436659674476884
0.4715852410267738
0.7439906142050668
0.7250501945772448
1.2199745972751226
0.15590544177693125
1.343206382418141
0.4760703970004277
0.6035068608547681
1.2799581754076328
0.8819801032304261
0.5468879229456909
0.02170662152590264
0.1337557697549287
0.47632182639653825
0.4265385810241545
0.46559727564901676
0.3075524911799878
0.892474266089204
0.5058669638983001
0.783182398217261
1.7317375608445549
0.682725242456045
0.185758892822113
0.6043360680013748
0.3521850876772484
0.46633856108067234
0.5664376035592259
0.3076718301348578
0.2579207432088085
0.8736735845344552
0.6554184302697537
0.969798681629921
1.1705081032547036
0.07782590850829617
0.9720435184006249
0.5240255465642379
0.8220666183552746
0.9379530002309732
0.1343832892174426
0.5910204020379276
0.4900501273313287
0.7599643841598751
0.7641725955483015
0.7831366566873248
-0.31802566809773425
0.21148862874883032
0.6298198860838261
0.03824526445163815
-0.05895524845603386
0.492848083499783
0.9725685764186389
0.7777741932971637
1.3001335136517083
1.442810460328029
0.7537038150318919
0.5211730820429745
0.17547503142890009
0.8286054651069844
0.8897264782032718
0.39758389190749854
0.5401143665436536
0.46573758913906754
0.2428151800099406
0.48484397750132163
0.5452299106055232
0.11641769835492953
-0.43404429650155274
0.35438674688515226
-0.026151414214240425
0.4055630459245714
0.7587675079569195
0.38067048622128036
1.014520187350395
0.5326762694443644
0.2113766533044541
1.046220100676966
0.9878419498150581
0.1047462057012523
0.23134279195158455
0.23105289084641423
0.38641723049794185
0.5244816778614075
0.47061327466162833
0.349468225006163
0.5329590653798174
-0.4446451032025152
0.4815645988906414
0.5191645073136602
0.35863387648315853
1.355369083819325
0.7053946003434598
0.3460476491864887
0.7690726824658857
1.2432118911007153
0.26355534144579434
2.0505668728209208
0.44535471366802515
0.6080644125833214
0.7263810745713206
0.9341379844805792
0.7456193158330963
1.064298705377833
0.2487531044748694
0.9394918505305463
0.63324959360334
0.7525984257290084
0.280517489317889
0.48857147150926744
-0.0987476895281446
0.9027647986222443
-0.17703033389933032
0.540861142262282
0.06942968468148779
0.49579189088934345
0.3938203892385486
-0.21368648927419387
0.13214527720236763
0.303149866927885
0.5300427297503059
0.3925880982187262
1.0476314457971956
0.08835412562421335
-0.17645937240974985
0.4455136723008317
0.2395184978653352
-0.11547618975303982
0.40618240729700256
0.6290517236771842
0.48131982192319184
1.9109538717710455
0.18394393952505303
0.9976062911227545
0.18400925306712082
0.4465792996978646
0.3019949952767795
0.2215431147382689
0.8729364651030628
0.5269463732537519
0.5399326842371345
0.33619718024947787
0.601298967101632
-0.06983854935590442
0.7656598015252177
0.009138987663709316
1.1629921217059918
0.5884152189886128
-0.23354020568534162
1.818511290431302
0.3236464461194541
0.8131119183861178
0.7238093404862213
0.22524718558419063
0.8394156709947124
0.9890345220194532
0.34646854467402505
0.7363699762866203
1.5746181076403483
-0.016800735872321226
1.806041180241249
0.9592985858437652
0.5303976315485471
1.102510804000041
1.2466129743568322
0.8694358197418405
0.6549173621627176
0.44458304514993285
0.6690532661406285
0.560268200253882
2.388308166274382
0.7036977108718315
0.2783294341187631
0.15766469274805683
0.23776588218839745
0.43548601357890665
0.06291782824917165
0.6449796380590095
-0.2433587743407993
0.3596429507918481
0.6847124770445782
1.3390971916311247
-0.07986738279059222
0.8902884701661499
0.08000637272216171
2.031792296695603
0.30394009600856997
0.27840821273848754
-0.16051122509992177
0.970971813114569
0.9267968885496233
0.4227780919334852
0.8267966392529221
0.3762152591755859
0.5338527798796336
0.6223312057707724
0.1478874747229885
0.9144986934942066
0.42045900919086426
0.8321914130694266
1.4739875820878563
-0.11383301796811614
0.34965474096639904
0.25605503244886435
0.7111354711471464
0.9407373380773797
0.9180758556062402
0.42241372436034413
0.719011613099846
0.5499549076148332
0.6258600694498104
0.9298160031660155
0.30789821761607117
1.1583791537909487
0.9135261795995081
0.23621083492074998
1.086143222001251
0.6961096607538994
0.2847098089348659
0.6493014118610867
0.8502766736569053
0.4418549454668288
0.907764664871397
1.5706922107575316
0.8957053789493702
