0.5795900544570797
0.7195914858373006
0.7758273638007466
0.5700033935216894
0.4587951248358826
0.398378667941184
0.5375168769152329
0.4359306475361758
0.42036555897970884
1.0305599852161949
0.5402172840544052
0.5062364336191603
0.8645330094432171
0.5679343755234137
0.6691407088598663
0.9636140284245845
0.48903897004886837
0.5394205174324468
0.45329766411356526
0.7898952308230682
0.5512501406915252
0.6185658746635538
0.60609609880446
0.4743166951311583
0.3146252599645864
0.5696828267554963
0.38900986307180935
0.45239135668095526
0.5492936522485496
0.44995783605606593
0.4853604609333177
0.9158046064447976
0.534090064897618
0.6113029836021817
0.512133286166406
0.47863532907166323
0.5620188761346946
0.412657504463343
0.8111093548452256
0.4735958876941267
0.477001431027855
0.4496568395591372
0.5647653233530879
0.5376607987183742
0.5473211151850341
0.8383251725868797
0.5580623611660538
0.5767660514121117
0.5115982102851826
0.38463936158095785
0.8581494665708913
0.460234358975282
0.5736158052029457
0.49228384364868344
0.7388271900656184
0.45688404399411736
0.5027761901301101
0.6480036789282435
0.5585309158031759
0.5131852785377822
0.37275548070579867
0.5359238502389223
-0.04614335818138773
0.7468331206208143
0.16252392871116048
0.7549929801867289
0.521775842848201
0.6053139758635416
0.5145215304027787
0.481130391957905
0.619462091096024
0.6305731500331925
0.6254057195599475
0.5376699064708993
0.6768340917362892
0.5913688949625222
0.47560781219397086
0.4423763744358455
0.5362756958289935
0.6445057857767944
0.48588762504523425
0.5511179875937684
0.6213670544515956
0.4776674683192735
0.5232538976699913
0.5190038679096679
0.548083361397867
0.889407197456821
0.610574535586668
0.40072786569821556
0.6514080990116135
0.5860534032364573
0.530936712045671
0.6410707624250717
0.41827554633766706
0.5442352762310461
0.5196736862967566
0.4493163693766306
0.500368784250596
0.5512901551107025
0.43742028120597615
0.5569273035720197
0.706707624275977
0.49086655524975614
0.5320841547173296
0.4505353384206339
0.5212130222305721
0.6328073909436664
0.7404823324540426
0.8393724908845823
0.4754716024786641
0.5008999321026799
0.5923969919181248
0.4721733996829747
0.04338319259060915
0.7054643831066486
0.4989536002253918
0.5906312069003998
0.4602567089348841
0.7158606341202108
0.26763809043643294
0.5310309022309991
0.4490548400753263
0.6719588866595614
0.44492097558836624
0.5883996835813131
0.426358987430519
0.3898568960855148
0.49748495936514764
0.6057056030860041
0.9687345605237846
0.5169354477678832
0.5086120199820728
0.511909063001979
1.2276439241250896
0.887337192849358
0.5134030714157456
0.7600724655038406
0.365555100385701
0.6688506124135148
0.6504942597174975
0.6982474101271329
0.4752578378362373
0.6093759197408146
0.43997638113364346
0.72548466483516
0.6638893072586779
-1.292748733439582
0.5385149767332572
0.586887918956671
0.38996859286014735
0.43955080933436913
0.5165481804632776
0.4242981461865945
0.3648887244245189
0.3942513414928448
0.6418005636125762
0.6225852551863581
0.6710297980240542
0.49881929927887475
0.5024030082677614
0.7506449574017372
0.6303252011018409
0.33557233681369153
0.4376782435188611
0.6201916589231757
0.5714260080765757
0.5292507447643842
0.4546111718241172
0.4449366472875975
0.7551536295150406
0.47919796676369913
0.3566985117781103
0.8925700326434489
-0.2669101812226495
0.5963935050663299
0.45425263819041434
0.6883055143257009
0.4475835348382063
0.46779905203695554
0.5268059104322808
0.942339355158463
0.7958742752961315
0.6853331544330485
0.778413044548981
0.7810817407112517
0.6746043421677408
0.5530740799712998
0.4868129076104748
0.4969163845626124
0.4824529947045699
0.5293036144965583
0.6020619263110203
0.6038969670565019
0.5323711212268861
0.5535611079832075
0.452666875241448
0.48710518398595576
0.7912445362471768
0.6717705595875766
0.5296040425269098
0.4596496712697462
0.5804193530431606
0.4935778352027322
0.7716925968146745
0.6228743105290305
0.7459325633102346
0.6411740374633949
0.5025234954311523
0.5409131753584621
0.599588926094643
0.6980004675603175
0.7234703296194147
0.4849854137552914
0.7458103716066505
0.5261151522009152
0.5007599769143084
0.5157887858511064
0.49773379583319993
0.6028145928719323
0.48425515360903
0.47371972286575853
0.8496575194114615
0.5301803216318358
0.4795250249571637
0.4911041995602788
0.47214086986675746
0.6961141916172884
0.5110189626667755
0.7219464664941015
1.3115376590256824
0.7109065776725618
0.5646939110249182
0.5888515459359664
0.4930623976746533
0.4644800831816622
0.6626043033460359
0.6078700257369484
0.5289960830854482
0.5101621961306125
0.6789813523170104
0.7726972860035843
0.4988638975810889
0.6516523231972084
0.3570265816328257
0.39671351495505
0.4722260120323101
0.6584238511650965
0.4903469504096014
0.6495502739320621
0.4783526768475084
0.5030708427570022
0.5718608569820366
0.16881439744891824
0.4421947997877346
0.5817837806134372
-0.9251626062884531
0.38889416615169176
0.5536351742405468
0.6209483820213301
0.5394978689322192
0.44241707593544805
0.4979625091781134
0.6879228726477673
0.5061116538115377
0.5703682695083132
0.5653802096384217
0.5505483074656119
0.8207110322549417
0.4667125302648841
0.7653160521545911
0.8490753175312887
0.5338172869129675
0.8449892312742953
0.46756573143934205
0.4336493414558688
0.5083383009281465
0.6474077711880123
0.5135848227927808
0.4153829546498542
0.5556180947398853
0.5204190169568278
0.5941545841552943
0.6729808593526369
0.8718623549616944
0.43809161678036684
0.5336066804254288
0.5453744324145041
0.9922907590537031
0.6490191742934536
0.4599028083728584
0.49619153198411214
0.5738357677687939
0.4360027163194308
0.5402269319065204
0.8045977261349128
0.4279835055578496
0.6105066911370607
0.5441259274490852
0.6313741348868054
0.5254123065684945
0.6130873353672112
0.3880288489189016
0.8103448231723931
0.4265429643526309
0.5304202627963889
0.6376340674057815
0.5355014896137699
0.6254393699967564
0.4795246644140527
0.5160986287767658
0.3827208435809022
0.45493416672261994
0.5008849856369276
1.035680696928105
0.48128585085604314
0.6093850031918951
0.7386222963064714
0.795546711422411
0.5695592613914063
0.5459509386370195
0.5150463212868921
-1.511598834644455
0.5811245142219125
0.6234810350395315
0.5573006740172685
0.2980968697478923
0.6204670722824129
0.4431802654591405
0.46953631684547337
0.31440093124185436
0.487471453422387
0.7095185580754633
0.5691607818114119
0.4849751743441257
0.662414094011412
0.5816780376278569
0.595951912031981
0.45687106355145285
0.5533896831521243
0.5287044787807887
0.4604921795393428
0.4839209592580958
0.5917578609429611
0.2799402457817801
0.5325964427228443
0.5252552713262567
0.5824581463965747
0.6475686660229368
0.5088745791805375
0.4742431284117939
0.7792575474839548
0.49284217368702715
0.6665667565039058
0.4816187183382971
0.6041854990815682
0.33706680742384426
0.4403560904183725
0.458558088132131
0.6360290449856876
0.6210078642355479
0.680054725693713
0.564428142336641
0.42062560351891554
0.5857874484522861
0.7354000463214332
0.5039249746016682
0.49455581827213096
0.7273653456934843
0.3953487897963552
