0.5098724471857738
0.6019193384778299
0.5048831037779202
1.0181789956945664
0.6178636325736778
0.3901141170557951
0.5026557602145961
0.8307074566109827
0.9605113877545115
0.581539481506176
0.5459149052642273
0.3447395832195838
0.7498876523119334
0.346118511613077
0.9029608181960168
0.7609679008363499
0.6167204651616155
0.7981248321396688
0.2988696099978616
0.22824455659519535
0.4478598981013093
0.13720340051601254
0.5226932443799323
0.7281437327996866
1.1673330621569094
0.6915726910936059
0.6552512036524779
0.8588818640661989
0.6559866454375622
0.6586879142550148
0.8923889311757237
0.7542478009988988
0.33593553650238944
0.38954895703950326
0.5430592971792674
0.5278004059154952
0.6640296572936487
0.034543399161781785
0.6569118413446356
0.8519260881031249
0.446981644778966
0.7200809143809956
0.8632830475585562
0.7034910185181155
0.7286066925835297
1.3629086728858262
1.0526746867901557
0.2747220328437192
0.26388616970173223
0.41550712094448494
0.8893880210067732
0.7989389213145248
0.3383102827962041
0.6956298918815093
1.0302121290335255
0.38097570118685536
0.8398851174361083
0.5638876560619438
0.0396500861020662
0.6076676014328692
0.3080726370105671
0.5950768365322787
0.4051749209148913
0.7110753732272449
0.8821950599214491
0.34536756669928503
0.5565695156528757
0.5446645339366817
0.5062847777856275
0.7534891770570818
0.47247389496513525
0.36566633871402726
0.3361259879487917
0.9148053051546104
0.771739343942213
0.4283051622694505
0.38273870263347093
0.4874636482238422
0.5278427777060889
0.9189435907298206
0.4114879168279632
0.2500848541336262
0.7573013128425643
0.5381721780526063
0.4085108172552246
0.5336480600227731
0.50461520684044
0.9139747137898468
0.6714946057436721
0.615311990171944
0.515522814435085
0.2435295529073377
0.4883646214070523
0.6759625568140377
0.8126037957455393
0.6225828533665664
0.5817669320795186
0.377933727388618
0.7880969114086868
0.22832327704368868
0.21254767059338756
0.38573499228827596
0.22288253234740565
0.49137199027917483
0.657796630318074
0.47588376875882027
0.5872343204822558
0.7316136515128672
0.3210869137922186
0.48749615671248053
0.1481784663314001
0.3734329863747485
0.6407118045066064
0.5540812588552996
0.5300007791535543
0.3819946992467195
0.4045973133151743
0.6925969819581407
0.5992146402609871
0.8961570325214829
0.7542651462893232
0.8023151339636763
0.9627552472652711
0.8328213677407558
0.5206892414493569
0.3036782042666856
0.22000522305641276
0.5838257036334549
0.7257921349077385
0.5145192634723317
0.46976461733176267
1.0452229285530998
0.9813872501324177
0.637718205513433
0.6916500550770999
0.5490603772514678
0.9791098199653696
0.9069047350488599
0.5469361211386997
0.44715795364714706
0.7449619250267475
0.6872857013469459
0.5729701467637363
0.6253955474598107
0.6145912342590449
0.5767808338499901
1.3398492331365732
0.7944354939361542
0.4684223787812531
0.6224037092982895
0.30507366581520806
0.37344749267245425
0.3606778137976958
0.43901698229380187
0.8554138058061761
0.8042238509257743
0.4081979543094194
0.7585664872863681
0.6018166068736472
0.2752149276721062
0.13162623362743062
0.14862428394209826
0.5731691493606937
0.5790113307845521
0.7168632953205455
0.010652439977211705
0.6479114815799261
0.3068451773870819
0.8933982863530985
0.414043839163593
0.4558382113859733
0.49914494086946215
0.3127497191319925
0.47197941541271576
0.37372243549345646
0.3424952108458736
0.7360939976821709
0.9469499524563046
0.7790977873042114
0.980017102618041
0.8547125312377312
0.5335354011736994
0.3829509494528814
0.4971127191040876
0.7901887961386707
0.710968917092964
0.6470614495074779
0.5614228200578405
0.5903560862782685
0.5759313963975695
0.47728082595446525
0.5178144156268446
0.39217241852556506
0.6454150318762304
0.4482473640194253
0.24639031271086295
0.7010400729226941
0.8031113453667739
0.42304597457793336
0.5457144329668066
0.5939273064683891
0.35933226201548824
0.4040581001502663
0.48905302317722205
0.47269199080992813
0.5625908545793792
0.2732252623530338
0.9122510572184573
0.33590007269838756
0.5275648486597825
1.0210214489244829
0.8252427292895455
0.39373682584182856
0.5762096293097404
0.39472092507164575
0.5456686400845664
0.9274982835107833
0.3046538623123601
0.32691017537674244
0.5208333106455206
0.45292010885230943
0.2734771846576413
0.7628958782911863
0.8329424340880728
0.3456199836338951
0.4463054148902026
0.4080116683627697
0.6518122781038851
0.4277467029989412
0.9102125121989371
0.2819234771646509
0.7604870114529415
0.909022502089084
0.6183665811364748
0.6101694161667351
0.5026317990059243
0.5341478911143639
0.37430020299698286
0.6318032240906825
0.6161724329832476
0.47156183163044957
0.9373075970769911
0.5038790249030031
0.5706804909656128
1.2475851154542192
0.6784384604206238
0.3231454725240253
0.36687275918537376
0.5101127180769804
0.4832656190742543
0.5298446326836495
1.2261414449246983
0.575564614091349
0.9758885634104679
0.31448650473306555
0.44294217856579604
0.6508116849828535
0.44559776895322667
0.8984264392826969
0.5239364986026888
0.8150676929068407
0.6414685830377129
0.3599535607415056
0.20454807822760843
0.4634849899067606
0.3838094873042109
0.40273524449567644
0.5386664084394428
0.12974765621175877
0.5906347092263814
0.6357999183580166
0.7130304777587257
0.4047425192386922
0.46027899991876137
0.5689023995690802
0.4118419712843435
0.7099815241674045
0.38202498671154467
1.070103055153979
0.6016433530046469
0.21644453231457153
0.9577007127051557
0.40230141825900967
0.8759341163023087
0.7077151530548066
0.5880962002493486
0.8125042583110842
0.9299177521124445
0.8552347466243927
1.0650551118894098
0.3228116363813187
0.661714724039334
0.3820253099798563
1.070082282435747
0.13706744957659464
0.6692037367027605
0.25665421319424936
0.936097734231371
0.29976777938354626
0.6462509888026519
0.3821261927650741
0.6412243463837067
0.876744941865771
0.8332829475727556
1.22477153616751
0.7227158991448651
0.6437847729949685
0.6439251662799829
0.3854701924795694
0.9255430724772431
0.596434008566635
0.38715397145413766
0.7837498347435717
0.7108840194353875
1.2900456819631534
0.40346646503383327
0.6331145936342667
0.6564310963545448
0.2599402107648513
1.0428556732180592
0.22810558270117418
0.552279861507569
0.6225422203740517
0.3114967013302854
0.6344029638089349
0.36332542393807893
0.334722097049442
0.48595028298909976
0.5759393488539067
0.7348811221908816
0.4501358078441619
0.5349225653484672
0.8945764829133348
0.4711990070379118
0.21558268554195717
0.4058290304888827
1.015392016069056
0.5475537933707456
0.8140056580736054
0.28571894410812343
0.9481178193998945
0.7498360809587852
0.5984487881449089
0.5624347350931054
0.5654351783615766
0.6427888416333468
0.5201750645876516
1.0798609080931139
0.9811213345815942
0.5613398277253776
1.3212490264875034
0.3634918206590488
0.30929733745058224
0.4690721678783614
0.6562703912713103
0.5727031150529918
1.0961744562944506
0.5758244650695862
0.5689216999178698
0.3428793352755423
0.7172790967637827
0.740986655784485
0.6200744818529081
0.6320809529555127
0.49004318424241067
0.3521078450799211
0.24354194614712776
0.768274740246247
0.3088954315239341
0.7049723396922712
0.3492962582681991
0.6850502513083346
0.5298773693230154
0.458430456464336
0.3285487940835102
0.6212749475805678
1.0931065807678915
0.530916475108779
0.6013990241871487
0.5418145986112164
0.26705744965461614
0.6069701431249278
0.9797939409932886
0.5823929575938482
0.36950395523726254
0.40407687859807423
0.15125373976305806
0.829210893161231
0.2467774924589322
0.43896027704067425
0.43433038202972424
0.4141517915683808
1.0021351731965826
0.6036531449812709
0.47640462791154164
0.5806770315937734
0.6217632335235428
0.18556271583617204
1.1977967769751579
0.4376431759761283
0.5646897412629457
0.3602329470798533
0.13847572430331995
0.6082480408580896
0.6292826363374674
0.7970997633955528
0.6824629560617419
0.3563414192076133
0.6947612366322887
0.13340366010599602
0.9850848106328606
1.0646296550149899
0.7312043753991394
0.525995288734472
0.9626210494734159
0.9221135400093008
0.7498829626846729
0.5834122948028672
0.44540712562609847
0.13427729222640264
0.5682932261280159
0.2284323731785605
0.49218413205275535
0.462714435470013
0.30152112602361997
0.9806238925641289
0.2662919899790771
0.7577258638998133
0.6571130146166867
0.5334826559301922
0.622505697682063
0.733613328626764
0.7843813363007902
0.725555672368856
0.8491991926054344
0.41314435352423007
0.5285887870501539
0.6860607561932867
0.5618351878592264
0.37068211284479796
0.5128959913006693
0.6498308408906038
0.38286047660311456
0.8204047619328901
0.6490970610687075
0.5097712792335894
0.49542190827528065
0.5122960166647482
0.8686564549560987
0.505072447120913
0.8065202630495939
0.5902691741435097
0.6460650100382668
0.41515298133783274
0.6131094291911808
0.6482536902359022
0.7773639397946832
0.45591962948822423
0.19355430786161
0.37437049921945587
0.7011786199630059
0.7459892200284145
0.3055800988744558
0.37943904736798956
0.525324756488097
0.3041500081137168
0.701842454256826
0.4408490574804125
1.4029555536401022
0.7021747779040061
1.1166364745835697
0.14938157235103353
0.3968671322084521
0.6741020510446223
1.0265497989443733
0.4757087445286167
0.5203916890268729
0.5167232914563356
0.7034554738905389
1.2669928758342388
0.6369864702582408
1.009881632228516
0.8064755666418245
0.386472477024933
0.43294492738909024
0.42421844601266256
0.2849977538443504
0.5154241492769565
0.1242492852408375
0.40029501382853727
0.5223325109002821
1.2155292536963778
0.65802811574841
0.35212166003932904
0.7819317779818181
0.4460476525614405
0.5070382306061085
0.6645603325969309
0.5170921117655285
0.5588611248221866
0.7342537135959742
0.8445885968517763
0.5190660486603673
0.48431229698531614
0.6660298737608265
0.6993039105946415
0.6173331256344611
0.5764054892213053
0.4110891915486797
0.6750145755431709
0.5690512653501542
0.4536913533380203
