0.6103516892742032
0.7873148340073187
0.5803813981332735
0.5206822980387895
1.3235231747579757
1.6117152273334303
0.4000590982863405
0.642742459994119
0.6223621451222688
0.5188117117421991
0.5932538372476072
-0.4591600281348737
1.261548018147862
0.3114964668370997
0.1478387372894581
0.2737338325369313
0.5223239084044906
0.03453082454044006
0.7081389709077098
0.6734375958074915
0.37725927623829186
0.6525155240434264
0.541211326721505
0.563496657546901
0.7666956030644174
0.4070379846066147
0.455294058152893
0.5773025855796442
0.6476391434247505
1.1084425309435262
0.5480588948691277
1.1495978520036585
0.1560606898817403
1.2816191816736777
0.24162313060771112
0.3872709627920525
1.3956762357957977
0.9482890459133843
0.4161322483204075
0.8773035558406396
1.3929929194991162
-0.010933777468427469
0.36212307239093544
0.9960517999973372
0.13378036421719738
1.252458178124735
-0.01701314446523931
-0.041787611214132214
0.5842913951332905
0.7491574640321036
1.4120785191385605
0.7578804044137392
0.25536289761934733
1.235259124643992
0.8356061766738042
0.7066963984053983
0.806770661791527
1.5140804508619679
1.3213412212316047
0.3373507771213784
0.49479766861179814
0.6438228071261926
0.9858043611770758
0.06706184769542867
0.6174696796093412
0.6546745382512335
0.42340449208362724
1.0877912011238877
1.072174400676469
0.29181182010547707
1.2901850106923123
1.8547732586678067
0.8993347879260326
0.5597753067137444
0.1626135649433905
0.4599107132146691
0.319247195367441
0.2918752428303495
0.791800127823907
-0.05511574296462062
0.4666958406324722
-0.07432646066152844
1.5817958572292259
-0.38936621805855287
-0.4226725303757448
0.8744827030827166
0.4300552222685304
2.011675369880306
0.464101332919127
1.1685585279493165
1.1186451322606268
0.4016215629022355
0.2398299892892811
0.5138229473744625
0.8845456798211601
-0.12082348702457574
0.5516896439907554
0.6090483008784635
0.3215657162760623
1.4109522041052907
-0.15485522539125082
0.3002575932306354
0.4470749287945079
-0.025796435145195664
0.6495805461155388
0.20057861832765414
0.873772082848944
1.0298201510242537
0.7825003383359883
0.6918796681408553
0.6848088644363511
0.547554682511964
0.3909804394750223
0.3849322234133268
0.7064973756728051
0.3869922037735616
0.48066121396765404
0.7834138389912781
0.07053793344035729
0.7038332024688413
0.28611941437019206
0.8092938333014429
0.5230243444019779
1.025809036351375
0.49115203482601144
1.1010336547323532
0.38831921805325414
0.43832377628785607
0.7259545004983868
0.45760818117404556
1.3129435394843458
0.2669294673571084
0.3650832992802027
0.7018139993833592
0.6348428923501626
-0.5168705350456658
0.6329477700335113
0.9023096195174758
0.5312138351569147
0.2017557654970652
0.4225676258788444
1.2048226641044206
0.6467688287646539
0.5818409612777173
0.7487601665104866
-0.03423030269637331
0.11223330358461565
0.7727429188157355
0.3261037813206797
1.2013216478470101
0.10920916978774187
-0.6079979235484346
0.7740677589680888
0.5401749946086649
0.4900098057178912
0.2422759284103356
0.36711927618726975
1.0119396159397778
1.1224595664474089
0.20938028572776898
1.0906671358927273
0.6466582374968493
0.6115689083644872
0.4909381425771773
0.49859959582543906
0.5558033908991172
1.0743527599543643
0.37804994656566254
0.5914538377095713
0.465457187065834
0.4262731334722651
0.6224354716333057
0.61091562528101
0.5596995574620864
-0.12116774413191127
0.5880046287969846
0.5841419839956843
0.7177319035095836
0.7597914590309531
0.2551125126050935
0.422523678836372
0.8121599126406732
0.9447443006774621
0.4167680159300257
0.9525788711458435
0.6713231778918334
0.17890711739881918
0.5530254841385878
0.4788451817299464
1.1009061155801718
0.5447914607105746
0.7380096613922928
0.9249545940571724
0.715884924931593
1.7763387143932479
0.42054662061491266
0.6631049788536002
1.4611142237676764
-0.1902542016807025
0.44040228104954077
0.08701570324010331
0.759821116376067
0.5829519416361811
0.5377038516115108
0.5553712622062228
0.1907419529439981
0.1763532574315956
0.7746636334430571
0.7190113086355076
0.4930888809850816
0.6273460094137917
0.46368395786499655
0.11375191140023495
0.36243770914813206
0.34794493255680914
0.20998143203342254
0.10191466127062165
0.1712240514923298
0.7108927714030525
1.1279256294004603
0.7302503320522518
0.22919782258849852
0.28569622426313274
1.1612867778472078
0.2326978260908998
0.32341039589626236
0.7939968067999231
0.6486991785623963
0.9288855252627822
0.23991345422554963
-0.12256814168729585
1.2518524805502036
0.449010510316973
0.4975727203519095
0.12623643678569194
0.4844491205666159
1.164437095396445
0.7414589156260977
0.7440761637825103
0.2631230145422428
0.45519846868668346
0.6957642460944018
0.5844857584638615
0.42004870195439276
0.3057864375678688
0.10843218766076285
-0.03852378488882228
0.49905408870296264
1.3399033810975036
0.5496861827313634
0.22434866712127924
0.5774175251148889
0.6707130238620048
0.6606969679691351
1.090388624635419
0.26175033080450827
1.1869411631786917
1.0252685034893034
1.2566701540112517
0.7679852581183898
1.029550910313106
0.8612876919345145
0.8890658692877578
0.9130949580005003
0.15398206225865776
0.6218533964582834
-0.42500552664477237
0.15544544421529002
0.3747745906392097
0.9236223107256739
-0.14315786531374178
0.10354322568496864
0.7447970293408356
0.38363037743174305
0.31796528862090934
0.48541035887107187
-0.052660460195425106
0.2015957881068843
0.5785921899527088
0.7173746892314318
0.880280698383206
1.7744667272944685
0.8072361461681181
-0.01927644645646946
1.1668081933459638
0.4767851582064249
0.6218794435920244
0.427523396033419
0.18467681922671822
0.25766964401027764
0.37778295738914003
1.0865148513926963
0.7893618245136577
0.5683001815961188
0.2705210622040511
0.7345742599576015
-0.232491239828675
0.5910095740629862
0.7701991818368654
1.0172579391638792
0.4232486866090996
0.2856732202449169
0.3341558331693608
0.4048035871122942
0.013531651129241299
0.5241829115352487
0.35909213355902353
0.7071089836040557
0.29183946000577515
-0.13681143340807445
-0.11853737789521875
0.33322310760565393
0.3554689357009724
0.4417654063204512
0.42933189660844856
0.12886029565098026
0.24738654454289247
0.5276765823451995
1.2171219599787875
1.2932714086501655
1.0014772378728367
0.07938284728905114
0.431689539092563
0.915080680326804
0.30835327802293233
0.7725111178514595
0.078912576491844
0.43666176500895165
0.45869451948807943
0.7863657762037022
0.405025975069361
0.2682044704446212
0.3994691506258918
0.10197614399603555
0.08102699813595944
0.8219481293035802
0.6475464606425736
0.6099104358544484
0.3076773824048135
0.40484621794985093
0.7010103636547541
0.5807006084957191
0.7833400598619645
0.7997919248284386
0.5694277497156727
1.2263799645867168
0.6908438878410741
1.1701839358203834
-0.21657475756170466
1.4390050647480077
0.49462965087249966
0.5947102776017018
0.7344714523633932
1.0529752019100826
0.6914739573993023
0.7402714270204203
0.6899585653416662
0.22158245657693434
-0.6622092196375827
-0.20901372207743796
1.2072878993950025
0.4097016419074011
1.0039404387975812
0.2976108169881188
-0.025812649893465434
0.9636493110876012
0.7067929383022027
0.4292694449815404
0.3897225091255407
-0.3071650284185952
0.7769071654637975
0.5248026077372533
0.4380980843719921
-0.11795193507357231
0.6087512892321006
0.5684472430339478
0.8193383032402646
-0.01879643814366679
0.555604638010112
0.35595370278421723
1.2932392608486014
0.7276572441733835
0.5750336305955005
0.9963866882497562
0.7238876545165339
1.2183738571473028
0.9465566685005499
0.21054992764631256
-0.013592150292346394
0.14925580787305812
0.516526098842338
-0.049533437133548075
0.563682533537622
0.706489947885462
-0.31387666695567
0.20295104050570056
0.5447683303340843
1.168311028991934
0.8332846259379227
0.09107487931241698
0.3400360248641598
0.25903668720594547
0.365266458235024
0.5835557607441448
1.2033823715563143
0.3915900162374086
0.9157607458136825
0.31040286610890255
0.7305846318690379
0.6107766835052028
0.584261862783073
0.5707898620029084
0.3540635713994882
0.6548732617602533
0.4591984384024193
0.39250322055467746
0.4645711815554681
0.7594491991306914
0.14639566316571465
0.6459051595723907
0.7609629168222187
0.46395714741604577
0.7113934216410182
2.437079087909472
0.4467939749309222
1.1432666791254367
-0.5675291185205701
-0.08898201817371981
0.8881080121238569
0.48871153634099834
0.431898819925886
0.022082903059715903
0.34986375436845135
0.6426648063123768
0.005384808203717599
0.39104373017043015
0.2489843740128126
1.1032921393783897
0.05716576560957624
0.41299137109201195
-0.30784635727447873
-0.06570753885933918
0.7298998254749648
0.5152086478752002
0.20547058238429397
0.9445870357162919
0.19572447376652014
-0.14135398614642133
0.30119679566035723
0.5160165194121908
0.2266261306514005
0.5266245756942756
0.9118855128941781
0.7218755198145851
0.9428967686547124
0.6547692041760564
1.111344899047922
0.43118124004439995
0.556101368043169
0.1362856166761894
0.10716104415270537
0.2570377017344452
0.49059060125627824
1.6498054334488048
0.5421172867543324
0.965777508639626
1.4129807888469665
0.34414187362874776
0.7346138008957791
0.42011402735716774
0.7543690489670598
0.036785065412598746
0.905730083722554
1.3051508443575317
-0.032522200853512595
0.3703086363115824
0.6491474912728791
0.8283741225058305
0.11375033863956889
0.2614694509089414
0.11822977709390052
0.4881749463933341
0.8061337407208584
0.43057800153668624
0.9363843949156211
0.40224450928789995
0.703381056139011
0.3731183541265998
0.37607028372723317
-0.0006664678371605856
0.1588601243661103
0.3941752731956483
0.8710410267445979
0.49263524771905765
0.18981599364994098
0.6583717683200092
1.2164782996861314
0.3786512054506291
0.22174309523339852
0.867355088817297
0.4567583454755866
1.2696328856959342
0.5336403022622201
0.8755244810232634
0.42351360370778873
0.05520402365627269
0.6675864195827561
0.7911581446872019
0.7069257741287082
-0.028721813632113163
0.9154393908974621
0.643685513978845
