0.41741218980975686
0.6511091240110497
0.9841763126458347
0.8384381126777113
0.9911048705268408
0.33988119289090485
-0.10583155402524669
0.1611132866777607
1.0142882885210305
0.0031519283020955413
0.43381227652745685
1.2451138265164146
0.7259370065922268
0.09620438773087343
0.6219868537542272
0.9041076903729678
0.6343117908729338
0.872510836415854
0.3979771754428423
0.24999782449924932
0.6489755328708114
0.06534586283289212
0.009725489669587454
0.5347546434313372
0.528031966211466
0.3433909700958722
-0.1686356183979513
0.01813318865530128
0.3719664935480543
1.034803166739197
0.7146586309371997
0.9998338860542564
0.5755021433737652
0.2977971558596703
0.4419910798530407
0.4892900195985679
0.5198669479949102
0.25879694913505646
0.9729035102155685
0.7809721532147802
1.0030863600497228
0.7331377101975889
0.4436621331634574
0.8363284745507702
0.14149413462796037
0.4435398177359742
0.6128536103061205
1.1386477243559527
1.0346318701342447
0.7037518079450141
0.5437081206980915
-0.06548898300112198
0.48402268691680606
0.3820190337955213
0.4066812860041497
0.8712603873227271
0.5627650044689858
0.4025253297563373
1.1629765713112787
-0.13689207169136178
0.42247029063603864
0.95086319563611
1.5747370170321655
1.2160709750004035
0.608862233181591
1.3181659605423184
-0.49067071030276904
1.0261472242601404
1.2247873923202073
1.3542132761510786
0.8572840645202019
0.43278151492175315
0.5995804672973898
0.6863190983715711
0.27926677859669197
0.2225857207478352
0.5360517806215372
0.5460204489585515
0.24165498421149909
0.3298997036207297
0.47268868623690646
0.8696897172974701
0.5387264577052012
0.3698942655210565
0.6365718248825424
0.698522593401341
1.9177926116811375
1.063005988186039
0.4872670102485086
0.5550285172542274
0.20788825858348922
0.8317313306132371
0.7379600802710494
0.5834885004167581
0.08629983912936508
0.6364313009579045
-0.20987424871328386
0.5344874859797653
0.8378463961704775
1.7072370367365381
1.0850007619938629
0.36572479027012994
0.29342224632059044
0.4834795880267473
0.882870321316704
-0.21234805166881934
1.358283331272924
0.21857988020557853
0.28389000741091336
0.4301309563565621
0.6042843952129721
1.3770752758318316
0.5612133916490761
1.207326871568417
0.39496043046450896
0.6562577515653057
0.36656218352349423
0.1468588110694514
0.5623668710855646
0.8528216333750404
1.8996477436544137
0.9060273701841819
0.4705011816499134
0.3070979816572276
0.5985838860665362
0.7458649396530562
-0.4929939338919302
0.4285515942441287
0.6986622157270337
0.26817876349532516
0.3034260811417146
0.23506317767597618
0.4238040337712661
1.1946385632344907
1.131195968597122
0.8100615677886186
0.5893169119121617
0.20976074802667602
-0.0641584635495334
0.9450861778820236
0.4655501177092982
0.7085005521430361
0.49150087606447673
0.5149118060146785
0.22037106884092814
1.4458293777463531
0.5278389035536286
0.6493791741976446
0.9069594713130952
0.2493683043729573
0.9265704390095356
0.6279414043789646
0.3096030727540546
0.5378513016699938
-0.11258399965928574
0.5298386891609193
0.4153158780997203
0.9459120010766568
1.8125542100969751
0.2780489777666434
0.49810633662703596
0.5974882368161362
0.596155812516039
0.8996723422179116
0.20848912055754654
0.6402562754212212
0.2681082587750972
1.0136360659568515
0.008551173965775169
1.0862333053016926
0.07405501268135012
0.14617442903803407
0.6867449430797613
0.28351749056905684
0.37422066319372377
-0.19615284797259813
0.7782564516299023
0.49730604633900993
0.8742483597058972
0.18859498312099307
0.6406400656727884
0.10328909291311526
1.5656840347359742
0.12451356185266098
0.4671330137990444
0.9360275495932147
0.38313054257400864
0.3345937506471704
0.9842369057443298
0.6981542330034531
0.7757073051642335
0.9071980104096046
0.5755323147698782
0.38736285284765665
0.6914344883420217
0.4534513506667434
0.24095097425288017
-0.14087534792063305
0.3393423344597317
0.39791521818497283
0.49363976034112894
0.19966773194319817
0.43395339337650474
0.6372398449977398
0.5928019889116689
0.6070327600732545
0.5569891612226406
0.4405571990968942
0.49370032533672775
0.9721162140835173
0.3468406877972823
-0.22484003917643033
0.47165839236066437
0.8928488427481561
0.3502056935039192
0.1275000781930381
0.570684669026729
0.5913566550317324
0.3106950552868389
0.40712536130276633
0.5137437987900689
0.12097757651778819
0.1806974099702997
0.4154824077098392
-0.017368974185391767
0.3521836550086886
0.7307288415848768
0.3879842203512285
0.23618210897561095
0.6854605213693766
0.7103705854742772
-0.028344636281774818
1.1802537235417656
1.32196899887097
0.6024482200318731
0.138372830519816
1.2285464708471898
1.0995561197627455
-0.3230586167063532
0.029154320516968934
1.0233282917213151
0.5619509425625837
-0.23883092137453713
0.18570171973398328
0.40840368495353835
0.31226483617239903
0.9803254769366364
1.1206756062245349
0.7280512576272195
-0.12877462334095766
0.6014206024086248
0.8737296740294035
0.4572620917918398
0.7173143869083324
0.8662421904430196
0.8307074330115007
0.3344334603180104
0.5843509870277311
0.7542697185265838
0.3712613315218655
0.9134334515155645
-0.21353907164575706
0.6777760225951294
0.5239227043450633
0.9979848826227865
0.10835575054995202
0.5600268704756187
0.7365420349334112
0.8492544610186014
0.5299152234586418
-0.2076010844900021
0.8580317021235775
0.2308182666283103
0.6442131846378878
0.46826069391192743
0.7090333450094609
0.781322328566752
0.30544362698766364
1.0585540560712512
0.30235400737684087
1.0583458448876726
1.0184805514335944
1.7402232894876395
0.44012250337869996
1.9992169390772858
0.9972028862814845
0.2803719734846553
0.43207220434345506
0.7143008898447009
0.5350852721623814
0.820157474429398
-0.05283853660851331
0.39461371247589244
0.26743330401144966
0.6760439477142932
0.3435843506773768
1.2640572159093981
0.6165022422719101
0.6384133351582088
0.5454983642812827
0.630954950622724
0.30484081457676415
-0.0633928797817712
0.3178122051218753
-0.14242701013741862
0.5738970409563856
0.7883848296242107
0.2595227509366554
0.447963293904514
0.7518831619622386
0.8441492044481103
0.77222786078022
-1.037497545180286
1.09291405006902
0.3243058736823486
0.15837934795032327
-0.14652235489040785
1.1970628744690672
1.514962966230817
0.14352503144915857
0.35296212914904607
1.1184335413167963
0.8387924330479053
0.7895085798105654
0.630152649235366
0.33138004923877395
0.2571162670660104
0.3706896629781262
1.1033604298566198
0.050318587592257026
0.7980018688818077
0.9998380016674077
0.10527075849760191
0.3728236650105521
0.6096675346701349
0.004696999261624362
1.386294333387281
-0.1087888675962025
0.1963994805522086
0.6055024854338623
0.21073110367692327
0.4618901218523526
0.16590455638824758
0.594297054475946
0.49866740930530656
1.2194035930199572
0.9941980754086615
0.7610550778823034
0.28525937851835276
0.4871295360300775
0.7264464271950913
0.2899700321425746
0.7315612418651769
0.7293934328193711
1.816756049051652
0.7544465497554175
0.036889387916621524
-0.37714806757332897
0.7073247779423805
0.48792603414446994
0.35208319766419366
1.0360662082083434
0.7027908728622183
0.5246425615974912
0.5389666108206794
0.810177934491148
0.5411272947216023
0.6979120062884464
0.08250589303275098
0.09306530827898667
0.2695825260149424
0.6054126452722177
0.6022322035373963
1.636932648902617
0.172760657132176
0.5053335846280808
1.1424879657359959
0.645459482263916
1.0602300617134819
1.2069566801745588
1.105074601787498
0.6917238980930026
0.42815562064781015
0.8418490521313154
0.7001547646277145
0.9370647570169223
0.7234251277070317
0.8845239952219969
0.38693784939258496
0.6216138959530481
0.33128706324143037
1.2544892481988008
0.5801054954622646
0.43985455009341595
0.6566089400175862
0.47221891540386035
0.5319528265693173
0.8485232729062661
0.22573018852389737
0.52932291636742
0.37576061657639576
0.3606870961823995
0.06973577628635563
0.5594476000152916
0.5729486677785954
0.6665299835433369
0.894576549105978
0.37349586547652125
-0.30984997216790916
0.3497361184063929
0.9225939762811081
0.21692228087718268
0.3561886451338747
0.03244458870432232
0.3537741076137279
0.0987473562125188
0.5997677602865772
0.4375883349146876
0.1437359722139371
0.5302719592590646
0.6370041844703521
0.4831889946909516
0.029158728786791755
0.32694310777897434
0.33280791153448086
0.15032165359642113
0.23162818059532655
0.6047325391213173
0.23949655178875298
1.7417585847093984
1.0622192865806144
0.503543615144966
0.7793847602886309
-0.16899909320186168
0.4683913579288658
1.6041065765631675
0.9289094450715464
0.622368849945681
0.755341559616685
1.4954092447626965
1.8606290297551922
0.49979020049224526
0.43692994203583296
0.7380995622466965
0.8308934503130202
0.4636642941751817
0.7520940408994553
0.5510043012875206
0.6240748521549565
1.2477833162245393
0.3552047681601093
0.9761483935991411
0.11507581328557424
1.6069633921355466
0.44668794136109985
1.155576398255614
1.340219144003554
0.12338857704937063
1.154908644202828
1.0909476910453109
1.0628504348830747
0.5463354793343299
1.2084326191681554
0.8438335454618312
0.15274288616090514
0.5716577037994081
0.9546762787515943
0.6677692111160128
0.5663483549171996
0.7191374053550602
0.5765669690752363
1.033416229171186
0.8362602822167644
0.39009177237504583
0.8011597276334909
0.9135940559378355
0.9372864355978369
0.5607285812206381
0.5258261117872217
0.8136609981844952
0.9303990260362326
0.7133644365768702
0.669940739433414
0.3792079192906625
0.9754482832396668
0.6566750624692577
0.4808775840813122
0.3014579115221004
0.9623513471918091
0.3548828801739045
0.5632574418305981
0.5827614898872969
1.7630603485883194
0.22526835652733093
0.6043814327985938
0.8198236794601095
0.11345152284800868
0.7263104393728481
0.4385564834319178
0.7830043020584312
1.1529304808893275
0.7142883552538715
0.8047450844753774
0.6303357801177626
0.9592454320019592
0.5374267132376068
0.7447650628357475
0.3822495606987421
0.7527624116205978
0.501945549029131
0.11241100039808737
0.7683093457298767
