0.4317262275439329
0.36283144204389234
0.9537557614709317
1.0413175598904048
0.8375275242916577
0.4483622266164498
0.865832931871991
0.270143940458686
0.33521459374627693
0.07824831007274002
1.5012291745116473
0.9488011543363021
0.8158515659969886
0.713000910376671
-0.027839868721846444
0.4193672006967353
1.2759759368460781
0.7903687188280579
0.3544833182734895
0.23981727631686897
1.1010387729144469
0.8417405684128884
0.9146316236268234
0.42748725225433426
0.3414598523011983
0.5515101322839452
0.9367920381638064
1.0768478941727722
0.02598368591296535
0.3532576289874923
0.45243720245612273
0.4924899017710363
0.33652917181479847
1.5407490816223912
0.7594777413011018
0.6543077302703407
0.40213004446124395
0.2622569947678708
1.1896061224419558
0.7406035259077819
0.7168195892545351
0.3133589739161947
0.46335024801774244
0.6391875656208253
1.3169092832837574
0.4698288256852694
0.827573491509834
0.10125423670293975
0.4014978448172819
0.399064410251538
0.30854002918665635
0.9127585511061258
0.7147768696256683
0.7390242517704717
1.0196960973083462
1.3711656112700021
0.9414668750072878
1.0981344017332344
-0.22969621963490175
0.5210253065201593
0.4367507813761984
0.1567770900811955
0.9115408387506824
0.5909568074375092
0.6594991573204861
0.45335013051434275
0.36947457630383956
0.8032650287859244
-0.1345260740674085
0.3096767228019202
0.7077287789121695
1.166700484362981
0.3588233802138136
0.11463517378651171
0.6777144614866684
1.0161209680797711
-0.09820124660742795
0.6975243955210785
1.327304932447568
-0.03330623441873192
1.064237136200475
1.636063434583569
0.11646734940613895
0.550059210530455
0.46800749917617557
0.21319729192828407
-0.1269152309840953
0.06849321574364446
0.4985930457702716
0.7267378913735505
0.7596643549527494
0.3389846502878697
0.6241095079961464
0.13614218936680336
1.1179343600584926
0.40527002683563734
0.6328006056296608
-0.2248683250516319
0.6230433105698293
0.4962034959799355
0.009066239688968367
0.42371914468306854
0.09945927878259757
0.6050467060679723
1.019108304225482
-0.08096951955413194
1.168057137074683
0.6503728682582581
-0.2402106808889505
0.37301843858775746
0.24734755514305293
0.12785305409138584
0.9167871641480185
0.7680663820873767
0.12031253049272912
1.3074128384565575
0.24101215168666826
0.22023631606229352
0.17257821403385162
-0.052869076359876845
0.5232433551209801
0.7420514464541789
-0.022335155977635145
0.36611259479834346
0.783018461753577
0.8282382187208789
-0.0480656160966092
0.48885611680439345
0.8132647901172533
0.1902356500042246
-0.308508814781499
0.9776478144105192
0.7274378408130401
0.3776530520179879
0.5742824926485505
0.9136020695822152
0.7298586421721267
0.5067938403129059
-0.13690972463187687
1.597364305434171
0.8269668040674115
0.8741846618568858
0.6499488859166843
0.8795574310940975
0.9752644191206419
-0.46810335690874894
0.5410671058758872
1.1237798759432334
1.02909913265843
0.5679007521335273
0.8779662614959007
0.4326541337291902
0.24453071052502026
0.39320900792551594
0.29242540369365977
0.6490347652410086
1.1934927724123854
0.7617573522160077
0.01667552799980047
0.4984235966542873
0.5972807520130133
1.0124582492312868
0.31262427395150455
0.8402904754245779
0.5033428744396075
0.8931273735708238
0.7569831042055793
0.5295881613046304
0.4525561014595034
0.5512288836387476
1.9501476940253557
1.0688115176985262
0.8048962229372979
0.20327717262413106
0.3425090613018029
0.4803646441653544
-0.32289544289152006
0.585553697802809
0.046256008488820104
0.46059858456874636
0.14437601655212634
0.4099839609427756
0.6922743412520402
-0.32328163077530137
0.06928808802669788
0.6662430386355883
0.13567274848007638
0.35824764058563496
0.2959531204922516
0.3536480655550873
1.173765713032938
0.3515836870541798
1.2315918025100887
0.8480293079943603
0.18276978487252057
0.414579289754764
1.381461843784569
0.05001897644517709
1.324405802206187
1.5899399632533278
0.4438977925818694
1.1055198171258491
1.0404360638035248
0.4943078663743455
0.33284730806957685
0.645092505154337
0.9644443241581032
-0.12167457919685411
1.0002851594996403
1.2964305924897939
0.34966252073162557
1.0075441192853114
0.27708736807615125
0.6443341904007286
0.431579742844907
1.1629633400398027
0.32119361906655725
0.32611189858248846
0.4232239515263361
-0.1978135436911664
1.1054151761935775
0.866501213866446
0.5296175841396452
0.37435010570288413
0.6475255647810664
0.4493770466446371
0.2854779601759528
0.6640012755016141
-0.36639885233246755
0.5977778015994856
0.07311072210942864
0.1796473802734001
0.9141523690294987
0.8854283176656943
0.26599527358975716
0.8902388296446647
0.032422363860899556
0.09045472669577725
0.35125514901384497
0.20916346634269187
1.0847574028249307
1.1613735920249193
0.8982103365204774
-0.07437121887943889
0.4650133991548728
0.6995703981820357
0.38747223831391064
-0.10499420864405838
0.3438442705363545
0.5980827489929832
0.761461222385984
0.5210904269012072
0.18273385691964228
-0.2606670025052144
0.4008691902956663
0.6496859511194929
0.014587172258535619
0.14454631837516738
1.6193548352466534
0.09484508427211864
0.26919601390058884
0.29710876209992937
1.4680081145131254
0.9148989013200928
0.3940190775030867
0.6392715994534643
0.959406240104753
0.3242166144238235
0.19835643298935682
0.03376591803426681
0.5076021873156934
0.14773099124335695
0.19693198827902517
0.47914051004106684
0.4271690855004951
-0.0694610677841051
0.9226416458593367
0.2059962205556649
1.161348530632518
0.4304030003575099
0.9936470956955982
0.7688288093541732
0.29019150574219904
0.7063261120079382
0.63035458498691
0.7334558183967271
0.7040002000826745
1.7975374230643657
1.2928593730544917
0.9288474486039879
0.7835056652502549
0.5930635075965828
0.9203573140136427
-0.05309834775858142
0.605544619699654
1.246883064968655
0.35859443573304617
-0.06394494648099859
0.7256602581586081
0.6781540965907614
1.8268642774731803
-0.1271118163437214
0.7924365801144377
0.8030106063504056
0.9144015726545276
1.0711989034439895
0.2762723449107679
0.3846521972548452
0.43634288648622216
0.437267693471852
-0.04358040230979254
0.15113600085605872
0.5420253274891736
0.8214553857651207
0.5626229686775677
0.0058015792945224865
0.349190997639999
1.4938362397751137
1.48050652355047
0.7330513715956383
0.46423909491753373
1.2600684530348196
0.40278322779229375
0.5837183475912217
0.956549104537607
0.16606069596570086
-0.29408304000336294
0.6201333776194354
0.5219385760335737
0.10241959242829819
0.5134179753064441
0.49724415066254085
0.19271644941402322
0.32604393342495713
0.13529599012263607
-0.23432614906713747
0.1867799140569357
0.9022389989432361
1.4575226395677234
0.39432799722765394
0.1866056572427305
0.4915345862546922
0.6882045271462207
-0.06712313001953306
0.527412955910287
0.31090501287041933
0.48480161825558565
0.6875209369332668
0.5971489797629997
-0.43457889094011826
0.5744421530008356
0.3210695439024775
0.738624853385495
-0.12371045809801062
0.5136559761692291
0.6510418302899995
1.154010871814689
0.3662729799687576
0.4335086801046242
0.33584845880981606
0.44048942702480925
0.9820069393812968
0.5062253925391775
0.06138330015750056
0.5944614738887439
0.8791037000789906
0.057163294970675016
1.0450564040681594
0.48630332245568214
0.7554923125017479
1.6996103905250772
0.4229835483218493
0.857557169762428
-0.6048531783315151
0.5197864794650524
0.6214676539047045
0.541163574123293
-0.10314086576094285
0.57798735615813
0.6253515339889117
0.33172308651787047
0.5501600437396489
0.52770575620188
0.656085504207543
0.9241751897374874
0.44705457656301334
1.433686847190991
-0.4035064871463616
0.32269633890351274
0.618271354387612
0.05961995068808778
0.5058986959602356
0.6449451206987362
1.1216251202421557
0.3492111539656378
-0.21833681563460425
0.05103309806306017
0.5182986698580142
1.4184566374270855
-0.1557294399642933
0.14229481859842322
0.15389533969048239
0.7031771586513771
1.1249883304135666
0.8531895797497601
0.8133464063162307
0.3959154726055312
0.4791334798132343
0.5404489627126101
0.3631662899910588
0.26897333374957244
0.7072404401924542
0.5554275254731021
0.8340790237813019
0.7365040470415427
0.5165589070205475
0.26815952129421106
-0.574023372518274
0.3020699934674109
1.1470806160705511
0.9104473238585161
-0.319992339734961
0.4514367513475995
0.6076090822792454
0.5488590783878782
0.46514118015259265
0.4621532577805454
0.5965683065064488
-0.007959944540545346
0.6816066968203023
0.7536654916815321
0.5265503518386606
0.5195389168929421
0.19425713562047645
0.6301061760969199
0.6573656151223909
0.9124449998957465
0.7845351773876471
0.1273161377516243
0.4313383540108744
0.15028319616069194
0.760293136473416
-0.15066100049224815
0.4069893669115856
1.3931687883703427
0.7924346699029411
1.0910336387495745
0.6232130153252412
0.11232984535264053
0.31331272381541636
1.1910454289026868
0.25369948994887315
0.3954979305903872
-0.40683583050116595
0.24737871083671403
-0.20422154819999108
0.2188899299274164
0.3964618837758544
0.26765529431829066
0.41794393583261086
0.6795338938144581
-0.09681991278724267
0.7392012750389753
1.015257196504549
0.35712045162090117
-0.07142344144243329
-0.7602401693416185
0.6080662124446714
0.11029273190410366
0.7693581486592187
0.30149964882728436
0.14464259007846553
0.41440445635038703
0.5702405235759989
0.8509722529672672
1.287963563670168
0.5516200809222352
0.22178726979732788
0.19392101040118384
0.5354712420230825
0.910516430585282
0.5566481132779221
1.0059185946375977
0.7177811641080508
0.847844299058259
0.7260319136842673
0.4602187884968048
0.7821346158736905
0.9914135923273163
0.2917115157815649
0.7802383168471557
0.8322939839163669
0.24784317730557834
0.5357179139020909
0.8253307453181288
0.40101268319596234
0.31882973754458827
0.2671347686274633
0.41249912334252237
0.26398795631180555
0.751048186345986
0.14952672714058066
0.3503129298554639
0.48132265038124783
0.5632576517374419
0.5939924932225097
0.48612520324300695
0.40983846747806146
0.405459065783861
1.2976729784580976
0.24715545942423967
