0.36769123907988144
0.5754121567874035
0.8578063213647759
0.6494852074372557
0.50306147265168
0.6475751592512086
0.44703432533208004
0.37188055273496085
0.6112532934969178
0.49724894581716644
0.5482170255469873
0.47577014655738287
0.4743196055924701
0.5056080009262529
0.4103411267800871
0.37298241512619973
0.6502817805477188
0.48457399706898124
0.7502780162893906
0.40320661311292866
0.4275254777851805
0.568789487927553
0.6848916561247651
0.8752090840138821
0.7184486706539642
0.5817954500373885
0.445606245792501
0.6474751552350293
0.6038768532014709
0.4914855786994963
0.4999092305984179
0.4985477385483316
0.5695989624598905
0.5003722379726038
0.4263301492010206
0.5913721948218678
0.5695655426721941
0.8958142928890203
0.658020617539067
0.31157466204075895
0.6207861700089375
0.5930901505847915
0.45871289398925447
1.1513901826837596
0.5550140393027171
0.5355804258542092
0.3510350809279315
0.47803961969765085
0.5404523329099945
0.7830356879622319
0.5737652070726487
0.6292675925668574
0.5706200709543942
0.5078994769331754
0.3883577543809366
0.5953740771979712
0.6245085101364253
0.7286040843415464
0.4686022165394752
0.48076832893311705
0.6269238493223311
0.7980434114130972
0.46171775831104794
0.5479726258636893
0.7788051093863587
0.7636766793615047
0.2663206626005605
0.624038844632969
0.7549053277966462
0.2892183632123454
0.4763447518051022
0.5146508471082476
0.8350789468453902
0.49969070096166485
0.3719038951679858
0.46319298741973164
0.31317314153225334
0.5387609295771073
0.5012961927027942
0.53672642205029
0.664341871480057
0.4317788141970062
0.6135186124269304
0.6631581692670256
0.41409771099951365
0.37327444077387617
0.6183447999380608
0.4099367764393638
0.5565835965943245
0.40846645897762235
0.3839774959153505
0.6044311398349674
0.4785074979686477
0.8379888235627003
0.7392076359309101
0.4816293555583495
0.8066456699818273
0.5202851587539808
0.531208574112931
0.25602730239223265
0.39333699446437587
0.9408360825302909
0.445150646317693
0.4176828031058073
0.430561005917766
0.6433825501151375
0.980054711119203
0.3540328728450177
0.5334087776457328
0.6914670742325058
0.8287517850572814
0.5445615534076408
0.5107178481366428
0.4389691587971665
0.366368793403742
0.4603275007455016
0.3298789821705332
0.17077052931417736
0.37763012307684285
0.9864805564418208
0.3866555573753103
0.5686528739653021
0.5847771030118305
0.5439604759021438
0.6257280750235459
0.5608900559900788
0.8244614898757204
0.39487727476023066
0.5190078429835439
0.5570195876265086
0.8548827787105057
0.6226960311432764
0.46733861874068744
0.706451737639885
0.8964081918412635
0.6890075265359062
0.3286493146349765
0.5030362672558732
0.8716619835749898
0.5746803504803627
0.3587375767743739
0.5680826097619447
0.46144074017089703
0.5638764074233319
0.3344966714369539
0.8379714937622036
0.4668155146756197
0.43081836832938675
0.5018616261670634
0.4805079845553463
0.6449764674510244
0.5886134341382193
0.6011942110495403
0.5805522270573683
0.36261360593353925
0.6007948061487859
0.30365131114841526
0.3943492637349664
0.8491688614091918
0.3180952606440907
0.3947300897428168
0.5933027535174594
0.5302965049864921
0.5184211515127709
0.48458750769252656
0.22580916577908386
0.41678921282626935
0.8971591529865957
0.44548725702179
0.28107573079727094
0.397035959083514
0.9007768483621307
0.35000159704456496
0.48946061765559157
0.7622583570035794
0.6143934332475885
0.702045119313823
0.53494054209081
0.34957449265620527
0.6219825998289564
0.5053406510274372
0.5552884692801233
0.47191552166366235
0.47021978990495966
0.5696825864175815
0.8106128504093641
0.3643650364077285
0.5183271563029684
0.5827603309790407
0.725382405472084
0.6821893310424203
0.8142856343684644
0.44057305616676984
0.5221601336330155
0.5672001607086065
0.6962916393658992
0.6450380042882444
0.30358686344078406
0.2670338774830688
0.8896347276552271
0.47822776691416885
0.4502614955507429
0.6080317412512154
0.7537679042519231
0.3480346660137938
0.8495685861698798
0.9120492543534772
0.5754253329775764
0.4857367430414062
0.8834654745583853
0.4891906670534902
0.5494780466019147
0.3662940623542657
1.1558394163802006
0.5480083727026134
0.6182351891257183
0.6105771618097734
0.5260347799825681
0.6698992651388321
0.4409329365224446
0.6368250143146658
0.5415079280041276
0.44871140848813323
0.5929261121943358
0.5569086921578016
0.6317175439557824
0.8239440095828806
0.2962136970532387
0.6761436168129861
0.14491832789558837
0.7878734673239248
0.5253217745939378
1.3095987500959805
0.7539685291198702
0.5125429794000339
0.8286727675177502
0.5966026980939755
0.4354404706832238
0.7247857772309027
0.3701586400523249
0.6967701847627384
1.0376696617096244
0.683654079516423
0.24920511217002453
0.5465139118000276
0.7892772331051182
0.809178999494765
0.5047938685575325
0.43635753366144797
0.5635273001600223
0.9195695880620381
1.0354532995082997
0.39646308697101756
0.6063912819192929
0.46612743330071943
0.4013842187864653
0.33721885876744734
0.4115963648955945
0.586584913905421
0.528768944471679
0.4306146343640698
0.7710235604896213
0.7071388704222477
0.33110064388921306
1.1451849513877463
0.4480946848550258
0.3953819292801522
0.3634546934304163
0.6652271664334315
0.6260064647270839
0.37308571083610126
0.32275906476357225
0.4196712688899738
0.5787608067740356
0.6607481957830701
0.9023651475552437
0.682822782558838
0.6428903480150914
0.3514073765154606
0.5579014040804656
0.5975578385960442
0.4005226238860833
0.6504611796710206
0.9698238861394503
0.5153351037880755
0.8622655621669475
0.7650270842279969
0.32972421366791527
0.6554112869612401
0.5352189430278996
0.5999800748963602
0.7550175505306044
0.7065265263731589
0.4915222651953611
0.3982636005733157
0.7945341477605389
0.7761904719121477
0.6080562106714457
0.4522103364220829
0.43211183746064546
0.38286151606565477
0.5338136694823937
0.5032665602935248
0.8306608470387736
0.47994242763210027
0.5856795824058242
0.8687609241726438
0.7303695026411726
0.6643421689906113
0.4381000049281612
0.7177849544557038
0.4881387768992224
0.5106047773633183
0.6472104762417872
0.49366917188883114
0.5223677153533474
0.6379711655888926
0.2659158488579472
0.6522853367786946
0.5699847739924667
0.5119852321155817
0.5100646801447268
0.5280307063906801
0.369833292783613
0.9728453543445034
0.6573623752053557
0.2642860677015522
0.7929714100046853
0.4543887103244204
0.6003464544736102
0.6621908867696591
0.4014842283414885
0.7591633586596704
0.6888600395014666
0.3804670939284939
0.5760790310929776
0.5189835443075876
0.606154537725632
0.3934391889730183
0.9116891426037671
0.9709307990962226
0.49867661905239896
0.2753238835393798
0.47026139107250664
0.5432223456342643
0.5208096832245913
0.529816883538669
0.3596903794859878
0.371431775489991
0.9632473773745192
0.5214254690488791
0.44198716378959446
0.3158850727660081
0.6020595646304986
0.5459752562122484
0.48844353417910424
0.31341530688049996
0.5017376619035193
0.5522407826688039
0.5663652185091378
0.30370309472467016
0.5609939450864181
0.6205304297830635
0.3291472014139771
0.4392297368794465
0.5469193933711644
0.5509966174760452
0.7990443434258868
0.5130983113390127
0.5062021473287882
0.5290622038448941
0.33454215041058233
0.6417329545933144
0.6010434867195636
0.488060565498272
0.27827327165568094
0.4649653641665031
0.8118680921647498
0.7723118056343822
0.4248156981259579
0.3472877565202332
0.6026089384600194
0.32419292091659374
0.596168514181835
0.6948115953159005
0.7691967336771256
0.5182982318398602
0.6796054966546053
0.4139721479820387
0.42069012979906867
0.5557107629598735
0.6737637441258273
0.7693625989473021
0.5781194296955042
0.4016703552721183
0.33552203348873527
0.7842152968460187
0.3804609480035473
0.4518440643309615
0.6443600388193071
0.5815117628454977
0.6039739237416359
0.4273517911217504
0.5708785858675269
0.7228871537761591
0.36742701682484813
0.48261776292391595
0.5292388294872765
0.6547810678799618
0.45682850814138337
0.567053487572763
0.5821800654158107
0.8246245890875078
0.461599195399349
0.7786381803462626
0.44289850588431084
0.5490259568947261
0.610752452641352
0.9127677661587058
0.5789528152727424
0.6562370591731551
0.7565445482665701
0.8445049081223331
0.8159128894768034
0.5625972720286306
0.5260466734111702
0.5236854747491956
0.527089151052198
0.462820064291153
0.4618180900000109
0.4754136925761696
0.5259123218307626
0.7888471536314113
0.3914750589521496
0.7084170097554083
1.1517215073992568
0.47849154971391633
0.6092178671074654
0.38295287315523724
0.432355339712348
0.9183371516282923
0.5340649678940929
0.944993407915649
0.46932086512169296
0.5367033925194469
0.5031139137745905
0.36696169324113764
0.45224652903900026
0.3497523049171736
0.5506509759914713
0.4679514517489542
0.47084830797877225
0.49905690140772613
0.5391814377211221
0.2832333020160504
0.58981148363068
0.7469877806943211
0.5349069267356471
0.9406634635789876
0.8410656400059486
0.5932413505844326
0.6252452598122399
0.5889583212720446
0.7375670720862408
0.352574376768326
0.5725180484113687
0.5564215949473161
0.6725606970964773
0.7628773365730978
0.6681176503754495
0.679266358123186
0.7703201256630946
0.5429305855233756
0.38295845531042727
0.5174890977282417
0.6968255221735081
0.7002095193803606
0.7467973429465044
0.6672446855459082
0.9105616907969184
0.574066024402592
0.593591351097761
0.5215572074869862
0.7413636666616449
0.5560999690950775
0.5395072503463869
0.7346644112530142
0.40027942718475934
0.39018578111795893
0.45257913880944917
0.4758284751198965
0.3033477488980307
0.5043293519364113
0.7368283977495684
0.47762175409874685
0.48479949767970076
0.8146462270163033
0.6181808214778807
0.7718922044398573
0.9196339745026553
0.48818363312241536
0.7437998187691441
0.5898753969318714
0.42566120393473
0.7096886696825662
0.8022413667124088
0.6070815229029588
0.7442587488229574
0.3520445324344265
0.3636012830900581
0.8714025909697117
0.5024453819303933
