0.7196513632336221
0.41403142552315425
0.2767025413968328
-0.2378156929781041
0.471903000162092
0.4070429743066579
-0.07778129724723361
1.30231071243322
0.17644795527766774
1.3339406259278401
0.7066553644155813
0.7567449293647227
0.2846659089246248
1.5955970488969144
1.3070925049649855
1.0845063654012659
1.1709075506716982
0.2521249520059336
0.8438187433864441
-0.4430612725417797
0.4178347541737811
0.34421968017709376
0.7020380954552875
-0.16551264900983756
1.2455054522941442
-0.7544002586326816
-0.0016597856269858398
0.45660932007243354
0.14211447385800238
0.5872801762380747
0.8193687132574562
1.3156567006828226
1.3635124566024828
1.4542783927749507
0.4352669913499854
1.1116729405539876
0.38302933690450036
0.1334866597613464
0.31393970493054574
0.9423138808692705
0.718342416723305
0.3642719432965229
0.6779064226846151
0.5575410066944291
0.463367398896092
-0.33608894461614475
0.9649271535760254
0.2697710293830508
0.15456558965052716
0.3592924987376982
0.7808784874363988
0.34931167136807706
0.6445153243942302
0.6202402000119633
0.2879697156164173
0.22460211447644549
0.9450475226172413
0.3895653382535327
0.29737123972109486
0.6765744247102354
-0.2568370378134512
0.6460352884128677
0.4465002434091628
0.08096405747346967
0.42043619740711874
0.4966657762374456
0.32657577592096776
-0.05888983603219652
0.633768819756624
0.7605088962303527
0.18787847087265344
1.4417239242869095
0.38585988885495337
0.5712692492886702
-0.19520380326418174
0.7752186933791573
0.7900613505438002
0.5672406924450699
0.6953245003668026
0.29580841092605675
0.7330764960482151
0.07096512525819235
0.6606758376064191
-0.035388554263962556
1.3158336984064924
0.42723459863357666
0.1428377734966467
0.5641163409991004
0.878383056068492
0.24547472696689657
0.9144278715987789
1.060791856534393
0.1959357646011052
1.1170080372169606
-0.2047401714340278
0.8322342714590691
-0.2745445750230355
0.5330411739082078
2.2963806602133894
0.6171975594399705
0.3696833895544695
0.8957014664971302
1.2526732969554455
0.5106092640159495
0.336874829641619
1.317866232452838
1.0747233165049477
0.11374023663742748
0.32173768902363536
0.19879340778173749
0.957976277015317
0.06513967974079293
0.7133868723555096
0.1507567107004161
0.07252041749247913
-0.07861712001715107
0.809356046329464
0.8029905657125948
0.6006072992873416
0.3521119304684009
0.19767590748230612
0.12422752695874754
0.38139300759035183
0.9462537698717582
0.8853534985090973
0.49224672787423446
1.9477846280395754
0.11661379180708463
0.8131102283360206
0.22394965707947267
0.658874501868663
0.3666408862616597
0.45410239708236305
0.7022301298220558
1.48576774844768
1.1173126196468224
-0.011023766461132511
0.8719563364449266
0.4087919176769291
0.8352376811260127
-0.28262605907768357
0.6231379990040636
0.30420561554850156
0.05134422751997991
0.2955577018477337
0.30382096668069497
0.5393473751630545
0.31130269352064366
0.3129502264620296
0.8223061416167309
0.8504107870220811
0.5306444484291606
0.44129557187509033
0.26520509563195366
0.4976753999954689
1.0641106799463065
0.5715606805276536
0.32110937239474163
0.49800391428441326
0.4553429593096365
1.1331343701268655
1.2786007312599594
0.6309124438938017
0.4414157664858687
0.7541910268305735
1.2493040441578194
-0.041722812743763014
0.2790423724745942
0.15746842718917087
0.23734403357950729
0.7747794912082587
0.680405328394977
0.010962955318557462
0.4194544158368569
0.12788990497838681
0.537830406949917
0.09538899544637092
0.4727040401191975
0.1512312874439183
0.7214109818206874
0.25954467740119797
0.2334048203942081
0.3972301911412859
0.384586351434989
0.164983765144092
0.9433675386551568
0.017135110032816567
0.2522949726465789
0.5389245359249024
-0.1415690262412709
0.4161603240100926
0.36297345167687317
0.6455609970874479
0.537163880950731
0.17221886151907584
0.7399802715171181
0.607638295061709
0.5530554985451619
1.1691628615590073
1.265644607030101
0.9864160739360672
0.2887922351308279
0.4715250888116136
1.0732590887327131
0.5347742827675256
-0.03673948315794392
0.009310020601137428
0.3847574537791985
0.4118857195407027
0.8252463905850428
0.8281713188977378
0.4305910028785167
-0.13368019318364419
0.6918648918845216
-0.2767195491256095
0.5864564029276068
0.3844524538710858
0.32855214661952603
0.7483019446518314
0.7252094727642877
0.9753206407124654
0.6018421734181255
0.4900938481821339
0.4934739202542649
1.6100605928330436
0.35775958811252656
0.863762490791809
0.5155057428699901
0.7637964716572837
0.15645538086574687
0.5855549768327223
-0.21044231659667356
0.712754579365864
0.7776906078143888
1.2179271293302214
0.5890041342703793
0.19972669929144926
0.4140012681721805
0.619179463810091
0.6475807172433773
0.7834363547229289
0.24529700062822357
0.06632760601529247
0.6131379160213053
0.7262549426965054
0.4183698601411187
-0.12337865749765542
0.6898990426856839
-0.14676742098001685
0.09211125740615363
0.5641188413076405
0.6106609272429772
0.005048307574238409
0.021397645210344363
0.749380374604399
0.6981664064680607
0.0680079049485987
0.40644049267178706
0.8328813362326185
0.8367869521778201
1.821259252064076
0.41242511216735145
0.9139355048878879
0.9724377761192139
0.13752117537211317
0.8393307409361497
1.0048509987922933
0.6133964205824898
0.7587394591205792
0.5484099506550763
-0.1641104310050626
0.8235144791915879
0.719597532593487
0.4539118380674461
0.6451475285127214
0.3364107266767111
0.9814989104355191
1.5680301745005492
0.469623869278667
-0.0009426071998776356
0.4749090251872235
0.4046463244932306
0.8813041729731707
0.7206020349419765
-0.2521261385012515
-0.5037797728538257
0.4133062331337632
0.4667771772388553
0.20384955094071533
-0.6981359626202422
0.6575061374538187
0.43077869891374004
0.25398086055519836
-0.29346472134851
0.22310497987504332
0.44392991596258263
0.450123219839291
0.8078329083328604
0.23382186498199373
0.556792935729214
-0.10194228706551796
0.3919942322701866
0.7060199331308721
1.047328025009318
0.3792342395332006
0.2874944220353368
0.7969779678550633
-0.1644614114379721
0.558603787346557
0.1381783346133946
0.2534519612187594
-0.050014939287146426
0.7014448995425013
1.3467528786067013
0.48727672791676424
0.3603409056918669
0.7287601172682505
0.9816872622880922
0.2951564085038783
0.6185098837017081
0.2275551339763787
1.0592881615093168
0.9780708490947619
0.9523406094126781
0.49873935935059044
0.8395374170129264
0.23715227973112596
0.5701612673488872
0.5845644573511226
0.7334571635995828
0.2493235730285571
0.892280317696811
0.5882500530806158
0.08376597125909517
0.5888578236049969
0.3580060842490657
0.8976725493850316
-0.5686700155290939
0.7935248455477618
0.9104816998256234
0.6780263212612866
0.5411772223576433
0.46003942954973187
0.7731544174273653
0.5780522504729054
0.05558994422510072
0.3406592065701344
0.5783625426549371
0.594985332145426
0.5433447747827996
0.31954707656488174
0.41514805053948667
1.1569461459918613
0.5655624335593836
0.6195626993945026
0.2917330306541137
1.179156302336391
-0.006099098642114026
0.5397876163497644
0.7793489023866905
0.6785093377604886
0.326305323444894
0.4878583135440071
0.9865030631391284
0.0721452179620151
0.511708947422781
0.42187151402185513
0.051726680247639045
0.6752965713834409
1.124729712636775
0.593165458376857
-0.6115774276765255
0.12983763480083674
0.37014520263686795
0.7646752859425688
0.47422789639708807
0.5391911097206009
0.56768342905086
0.07973306887341298
0.7983114351440506
0.2930454430130132
-0.021252971123947268
0.38033843310993665
1.4933466198150693
0.5771529114434973
0.795511631470883
0.717091649189682
0.1384300817840596
0.39172960349427655
0.8915125178546229
0.8315881469803852
-1.1609473668921713
1.0826339041287725
0.11140912978702573
0.3857683475105987
0.8489207473285708
0.7273772558174372
0.5242251795757952
0.31139517104832193
0.5271902296149099
0.9763807866348935
0.8906825936661571
1.8793569714450005
0.11291382314421128
0.44290604997421573
0.3801309517799774
0.16471858264948178
0.5545348310822011
-0.08766803988611784
0.1847638604127965
0.6026251091261866
0.9202342722700241
0.2593461754628103
-0.5685632818444833
0.6769264235575067
1.1434671287168314
-0.03495417292199419
1.852164688136033
0.2896100637136259
0.4397294588513834
0.27789972982666283
0.7320539908040047
0.40513566928502315
0.5664697291190918
0.6906427561287839
-0.008171747625752438
0.3482364109243264
-0.11820452707072286
0.26187803611820476
0.9422076202120548
0.8073079725557645
1.0233573018235222
0.3173728943908552
0.34640963216297277
0.18487216682683702
0.28880171051371645
0.8601927923489158
0.5295670256761346
0.7130365949500185
-0.2388977614408412
1.491111208144477
0.5116398812279752
-0.010258075602522251
0.7268124565064248
0.39307899069920466
0.7029306658181863
0.34649325403851544
2.0707608348849376
0.2934643087223883
0.8085453926044508
-0.2783924498970452
0.9510790271797477
0.6077976002057842
0.5008630440552532
0.4310960201849468
0.7702482866508918
0.7543155774246803
1.6977202830388574
1.111724556067852
2.0415712538092254
0.40173408117149245
0.5591706611947218
1.8002853814281499
0.40107278400230234
0.010182537962645366
0.7223373618182211
0.5072058720727834
-0.21795122903295042
0.16793516110217155
1.1591631246250724
0.7525864122088762
-0.28616062069133524
0.08198460761080784
0.9379868353157813
0.6566050907672973
0.3732264996421594
0.23314485197753151
0.6319000644266799
0.47733808866636135
0.019691795160307873
0.27993810760193033
0.7206246889502811
0.8063106264027651
1.1572547818963594
-0.3014299599940421
1.2841936735103525
0.6222891368331276
0.317359682962126
0.8502143432988265
0.432565942232691
-0.08516623185442514
0.7656924085910606
0.3780569888786414
1.2013419096776519
0.46714126606439293
0.3694199545466402
0.6484951239700997
-0.2843795167121122
0.16373031066665597
0.4448507292506135
0.7115894943033783
1.20285930949991
0.5733549755411149
0.6019686710355715
-0.022080107443992542
-0.0038910292724087525
0.7128479585984463
0.32507781587979895
0.24143380999302208
0.7905370166754956
0.12084329487515033
0.050210121666165904
