0.21877352336482678
0.686688452470829
1.3608190733512437
0.6970153803419334
1.3737471755487685
0.979721831356423
0.8694922140503009
1.0716819640565778
0.5432475750498854
0.5508318571748176
0.1842995566591895
1.4394712588823635
0.35766467055003476
0.6260452431212421
0.547294034129166
-0.09637656801659138
0.6314213040529454
0.5401842458395828
1.5375052690219986
0.7391750790625147
1.1957548394871105
0.29436802470400864
1.0811385650710252
-0.5262412547933368
0.2535997695999003
0.6977175249638748
-0.09079206225759402
0.6618179594120431
0.11806500135468613
0.7638970491160654
0.9733275927729089
1.1472424080195913
0.5002955377717796
0.44197339659294643
0.7114720346075515
0.08669515895164938
0.7222444019469902
1.3182931865334568
0.18843710757657225
0.34600518600915614
0.22866753724139555
0.8787879678271557
-0.19368982301820925
0.018075434400086392
0.536109459952332
-0.39150429857456803
0.41738265857838686
0.8366590461582799
-0.0479810923779865
0.9002173886828633
0.41106917994717573
0.399023388200108
0.3791216501478838
0.8545526346022716
0.47734080962663183
0.7749363031409796
0.8775239627990269
1.1669493631730967
-0.04048856349782262
1.053556315356739
0.5534364219119595
0.5281445464542233
0.7061652538569078
0.18895081988240067
0.2734552112383336
1.0101140467947862
0.38925414578325296
0.04334979942392514
-0.06071683200970281
1.3852628222851555
0.7339405173849242
1.5478364365769925
0.3785575697555379
0.6814051247499787
0.7729539083163788
0.9828099402301791
0.6222704870626506
0.48166492458327004
0.5395502712492721
0.24711930135962423
-0.15490425676753738
0.36494757865100064
-0.016561782809724795
1.005994176642514
0.566042947545521
0.4558429450234185
0.22728551195657976
0.27039002139311474
0.37053551806371127
0.4966959050724961
1.1751974219899586
-0.11450060300379167
0.5501708787861124
-0.06697144597407566
0.8827218847981485
0.6938551298079187
0.43093016753120544
0.920294003590695
0.7022734366824354
0.6630894335430927
0.9239967218717592
0.47659746479678894
0.8644285941905975
0.49458235412981616
0.9715903199633331
0.8881310163753798
0.9620747778585225
0.6595735490277786
0.8726900696742806
0.38638793428979445
1.049025641204513
1.2242898798306383
0.26059281918047694
0.5044245125147735
0.0909698198155105
2.0895583209812956
-0.11072677366817026
0.20776230145011243
0.8318738456584143
0.11279262242074971
-0.11603156908355473
1.0255031251264224
0.6583061447690856
0.6118294708914522
1.2478073619664825
0.7080454892624045
0.4216317184455531
0.3368653546355271
0.1432381290525198
0.7716075921063625
0.531966336807515
1.0198097938201287
0.8205785691903897
1.0209480494292988
0.5105788864750008
-0.328294201185223
0.13183163353264968
0.4377502275519032
1.3353597865957465
0.2603783908111686
0.49327412369347684
0.5879124968288164
0.5260320269324222
0.21033612349704567
1.0303326614502666
0.4570913136630124
0.4137813319548515
0.7585395279968394
0.36081600233471217
0.8838739502466609
0.4768908163987495
0.4615709531651611
0.3475615224820588
0.6314050175033759
0.42633118244730156
0.68954544693625
0.6033692220947918
0.3288942556444953
0.980973486160931
0.5339903575722907
0.7306891839364225
1.1601697355265772
0.8142073305295551
0.7611974656993196
0.09872996886312306
0.8502839977598473
0.6623190225340575
0.12364428100856006
-0.08029649633607834
0.7287236465546659
0.8029370672981182
1.012409223659386
0.6614163851767328
0.31287856618029203
1.0219992552304975
0.44166000184337184
1.3169215563037229
1.8051791668517971
0.7317993742489232
0.1545838389365494
0.16343098261684663
0.6624636852178899
1.196223850675336
2.0445693668779534
-0.586788214638323
-0.5260258049096594
0.75482808171436
0.119270047964163
0.5662432485869877
0.8451792091144893
0.19536516254765232
0.3300106778778485
-0.017811349726907594
0.8951082782090284
0.5548086004789277
0.629516088649079
0.6028824285981648
0.008147999209650883
0.8308702764761718
0.347658383891799
1.4146129503556246
0.39299384434078216
1.285058244529508
0.6628770728787297
1.3145680675856586
-0.03216381813804522
0.494101302350974
0.678629373263388
1.6617568257026536
0.5201258531228304
0.37381334525271814
0.5104431247171755
0.4972313337806206
0.771185594101813
0.4798411806876113
0.9103105717065195
0.41060935043937113
0.9354367144763036
0.1345609811888181
0.10221570773936495
0.6519781943922718
0.3840104402737707
0.5630456055856906
0.9689424635353378
0.5187616627403039
0.5314162622712271
0.8544511183281017
-0.08248988533962494
-0.2645467411561114
-0.06243877999137885
0.49190150300749336
0.7609433306253447
0.4026611025722457
0.7485222541466281
0.7231566936624033
-0.16134477570988426
1.483310451462217
0.8572757317874756
1.2217687517804225
0.6308020732585197
0.7504296339303066
0.9085546227681669
0.6926079896713434
0.26821483230227866
0.37857427494705104
-0.0711735697388283
0.3486186016034718
1.0184136466300473
0.53242586980817
0.4793668031145297
0.6366386406096844
-0.31932396568991916
0.6126059668921627
0.2782422449176642
0.37321613155930233
0.0705459551123252
0.16704815181027124
0.2246662522308708
-0.43701424166241815
0.406302111018918
0.240246413941831
0.6535222115992957
-0.06444289602377344
0.4673436368724359
0.7463927642197375
0.2141577970420624
0.6009287132090781
0.558010573144497
0.16685425634042758
0.43754284081525463
0.3965866104023322
0.22757341396275135
1.3560956467145304
1.0321965664424082
-0.8104011544468697
0.8460289545035097
0.3883606593623336
0.6140109070122336
0.1455325912198717
0.6971704042904551
-0.045075069202838935
0.5323940541159461
0.9202630846863373
0.7870241424734025
0.6632808979840147
0.299730108718366
0.07054612883548939
0.07912771629661551
0.9941797452547974
0.5196206668947402
1.561489699270717
1.1130173401578214
0.025331157451160897
0.23360576329766303
0.5659565366084264
-0.015525487146597924
0.4110592303954039
0.2292991071903173
0.923251693868025
0.03409539483566015
1.2348543950723574
0.20300665217737335
0.9067125028664021
0.1599377785471825
0.3690024918599435
0.537990040050513
0.4759955308543369
0.7548905369430764
1.0156406320610403
-0.0659790843582863
-0.1992705913647854
0.765778899252739
0.17678607104726907
-0.22319779894238898
0.2280989255011143
1.1010861423529361
1.239600613554103
-0.4022580700974647
0.9221121294047561
0.07973391042613123
1.1930188976842528
0.5977871157858647
1.081311144298245
-0.12517122302504277
0.03616620826565409
0.49659712969694286
0.4720612261839185
0.7165782430435182
0.9839745262010192
0.672599835989019
0.2883899702107302
1.2271644182637746
0.25851137818714287
0.9219888958218494
1.0138798802119309
0.5530090642851379
1.1674034866233391
1.1083359493314255
0.3155716169916392
1.3719084106110113
0.6091927818630578
0.9059469255605501
0.407929989425146
0.35579903698665755
0.3940470767640194
0.14621531066525345
0.196232489692889
0.8928833548282232
0.8125492492578225
0.07782794962124122
1.1823072827053862
-0.5575123662944766
-0.7967204421582941
0.8226295217266872
0.38382233092702306
1.6017955416343648
0.7711033706432412
0.3649028724955392
1.0060128649885864
1.4521768945512912
0.9318101109420791
0.2903070958274378
0.6474141912255525
0.4162641803890323
0.8380211511154946
0.821219989774725
0.9691983346683243
0.6966978747241237
-0.8385137134591322
0.424911970335439
0.815034138648636
0.5458404974876545
1.203835024067936
0.7904785363521603
0.48012035870939834
1.029605376349448
0.826231078054779
0.38117841721748985
0.5245065107590715
0.18590156518898185
0.6602841100920879
0.1963000202677777
-0.04271029944763342
0.558551389383975
0.16224081694621145
0.24255933586750578
0.606620614248146
1.0471992304757192
0.08818038774819796
0.9782463248017143
0.39151174463502075
0.7210467561535778
0.6423002860028543
1.1620463157689596
0.6792805093527892
0.31011061083402824
1.5629323146932739
0.2727274988138408
0.3945532741938132
1.1388743856654255
0.12351812611525766
-0.06348260274994888
0.5886322590828001
0.03453610210766267
0.1278922187183805
0.12484365070185616
0.7576253824722013
0.5575860461992881
-0.34290363241799815
1.1610181354944975
0.5702177633427401
0.3420377382848611
0.5029244574959812
0.5186160229002373
0.33133811110715855
1.012716779961347
1.566265397522023
0.4524374787316499
0.3931178051716821
0.19912209026942307
0.07033015216414167
0.6276076969825682
0.9793463171043646
0.17370484730351995
0.37390692043651247
0.7752150539023975
0.622855698118773
0.6437362419939331
1.0986947326660799
0.6607382735405968
0.6180980494760971
0.5896600019227404
0.25164463037734547
1.2560832558607464
0.512337286332155
0.9744579736607696
0.3417385315878047
0.41740242046163795
0.6397051000529321
1.4322485360115051
-0.1545886882774202
0.8319296519711171
0.029207208394865635
0.4482023611898804
0.11764906115198161
0.09060597655380058
0.539289273354044
0.15366097762494033
0.4838791016944483
0.3760087920541329
0.6586101806809589
0.04623029137350138
0.8749099376286638
0.7766975498911495
0.5211155559227136
0.3268176430485034
0.08854028375621448
-0.5805739194442583
0.2931911609098706
-0.04004470329016282
0.18783819981376004
-0.6569676387508329
1.2867560306518504
0.22604342005018427
0.1354380032668816
0.20533405189948697
-0.018825763879242324
0.415867672886594
-0.49854171812448717
0.4180876816552672
0.5968200678651211
0.27732343335756643
0.3672024204784156
0.21416116548935618
0.007390345316602764
0.5359045954663672
-0.060597251743608714
0.5575359140790116
0.7087374857929802
0.3199282362666333
0.3989777704940995
-0.00958176798714718
0.4146542646888702
0.4047745045058683
0.5851415157633888
-0.011106027892012352
0.4714006468883527
0.44572847919726394
0.752196837041221
0.563720031786172
0.8067059664444637
0.9340851293899447
0.42895150080381983
1.2360311059209061
0.844769426523022
0.4311448458474576
0.2340263390223378
0.8962489739838921
1.5199271217629606
0.7391996685680587
0.14106471051312286
0.6614312725803959
0.8484912688491867
1.1705610088180314
0.05382354870175382
0.6301901782924603
0.22258571439105024
1.091397854272876
1.8125948569222867
0.8862869382063571
0.6673033461253342
0.3416433018357094
