1.9361501362525573
1.88576182701847
1.4123760037422661
1.8017161877296903
1.6565177626757197
1.554844975456512
1.905635149464482
1.629340374984589
1.9129725246546017
1.6482314809054792
1.993338709844777
1.2573301148798988
1.311576554225534
1.9367225359605458
1.2786168554408144
1.890293686022704
1.7651187923679272
1.5441353809172729
1.9076998551346434
1.7749192304223433
1.971002533933067
1.7497366130286276
1.4271818950838038
1.0811847991431327
1.85513502098594
1.5631262199444158
1.8922704931699672
1.9634264163271025
1.2898393469890588
1.6544688589486458
1.6639443065623878
1.5012651812837738
1.699948950948638
1.9651710153139446
1.2849649050782885
1.6977375527326324
1.4700026496907697
1.431323736389885
1.7853915749305047
1.2523215532988932
1.7402151873313505
1.47551105568058
1.2766701718343338
1.9042069037191356
1.7380938038470892
1.1737691642750547
0.7348275821344492
1.8609393139493517
1.6307650146087511
1.608839837953998
0.7275324190083499
1.6256496124777167
1.8206226906859682
1.9887671234457838
1.7712827055633873
1.8854879258449306
1.1234756678551359
1.6168187415987925
1.2908006889464425
1.9411857538753414
1.7235531404708146
1.3896855324939346
1.4305718457812437
1.5343007546745957
1.754064272159307
1.9480708977929027
1.928394495135145
1.4299358728180505
1.9227725792488364
1.6883840083009893
1.772830695006018
1.141687329351052
1.9710202355016058
1.4718574039020487
1.9048450039846287
1.6744646465500892
1.9757990058376353
1.5514844152068346
1.9538268895842472
1.1010074924505726
1.9985866578975842
1.97524503546531
1.9998789171385836
1.9213094981695473
1.6882840965701462
1.691779233562544
1.6925692949409206
1.0911289782142497
1.2523203950690394
1.8175586350790882
0.9656970430066503
1.128668272594895
1.6090249257517808
1.7767093934156863
1.6250469454623124
1.792671642497463
1.7311348766935035
1.910916750530533
1.3448777705872743
1.9519762886277328
1.6913127810286823
1.803482057450414
1.5896503881837332
1.610964259660513
1.7446543172407878
1.6749457545654636
1.3039996831733813
1.700231626418109
1.9245487310019334
1.9595684812234555
1.7742962987193531
1.3039005205125918
1.722146434990073
1.384491371851776
1.795650161262597
1.9043566534911538
1.8536678699369957
1.9826490558313596
1.9733954749758322
1.9648680213239154
1.4962909204006631
1.3939648837402834
1.6923296813829445
1.5640438702218125
1.6406607460217124
1.2284920119324656
1.610561523560585
1.246082867374655
1.8097015475236893
1.9020694820713615
1.701495666520169
1.8607138464751503
1.5134252690940366
1.4630571068059117
1.9988900701155456
1.5697144624885322
1.7614910065507547
1.4354514594201468
1.5284300786025025
1.7459758080790435
1.9205920337887135
1.8823105168218826
1.980525165435764
1.9088716306721525
1.721304321581826
1.8923959978952787
0.5399884797285148
1.5428498873369836
1.7070649510684337
1.7910118983203407
1.9986473325728407
1.2574728572991651
1.641236245320983
1.5488228926372318
1.9976002487794577
1.9237394643346264
1.489905357893007
1.056471337097341
1.8710717208681749
1.303953113428049
1.2974441152480234
0.9782696032290833
1.5572668928532918
1.503668507889123
1.9263799938738702
1.4541082472564562
1.65581590607833
1.9644889035814217
1.9743450518125718
1.95130818806558
1.506697993693795
1.7326437950303546
1.3050478911684484
1.1492067975989764
1.316382163796045
1.4298491417628678
1.5570408056119602
1.9068928021331573
1.9261168567245217
1.6129916015000836
1.9749660066907537
1.9513391797987782
1.4168922340432297
1.9828143847017952
1.4544738842558205
1.0651992739179574
1.5423616902584403
1.9242585401789734
1.4487467435485728
1.620094908347337
1.889280432885691
1.7575059191968132
1.3172418525684881
1.961905318674882
1.6923250970358363
1.6516302921530306
1.8353865577955377
1.5709737501925074
1.8259655874540834
