0.10033138209185803
0.5401225472149588
0.8890559296897728
1.3900919300250638
0.4764152776907282
0.27914089654299024
0.5858840218419789
0.5479299677042243
0.21288139879250315
0.3228767385242303
-0.15975008710798547
0.7002973790906598
0.277890504826646
0.7059543880357468
0.6566321308894502
0.6672190363395876
0.908808843391609
1.4977064759325458
0.476601827822863
0.8709027324548767
0.3255759063736149
1.0378129038674904
1.981662744630306
0.48086594198752497
1.2668717858287888
1.272192071362297
0.8502006049564391
0.4540706276242024
-0.1922209279894348
0.15428458763646039
0.10872576306240135
0.5045807692086873
0.38833846612697537
0.5950955574550283
-0.005244977538471289
0.40924401734427135
0.7351160059229223
0.5879077591522712
0.7055307577371273
0.7649204239427222
0.37632448171338023
0.46576837054848824
1.4668347362682594
-0.27654377744878983
0.6700829604898805
0.046985673218084965
0.5539935248795765
0.7310982604666193
0.28036499014639016
0.024093452105814584
0.6077725290332882
0.34803384855386715
0.1049780236754446
0.28552028068937324
0.5881682176813384
0.2960735974373572
0.6181465223917919
0.22610301219947093
0.2517681403892002
0.6549100243871152
-0.1664394698694698
0.4033610420941424
0.020052609535172405
1.0055060068147745
0.8929279320579102
0.5111969000931064
0.535602296176886
1.1368821412043177
0.512216561274894
0.45952886994618564
1.0815048884579512
0.7202679267771143
0.8124101581009926
0.8891932283319428
0.48178212736151105
1.0191291483537843
0.27400245753807817
0.669619817350239
0.29441106737024414
0.8050837366774618
0.8950839553582747
1.5455923917074463
0.1322953543868484
0.12390997885774845
0.3100583205986202
0.8176845090192333
1.319962336742267
0.744235222182338
-0.07956604925449728
0.629700539214252
0.9878243520789775
0.25626533540600405
1.8028436836816422
1.7633930455246303
0.39457278047801925
0.2976204885538784
0.33569905600887306
0.3322657132275854
-0.07086990378260778
0.46306182699690873
1.3087300165723947
0.882396759894867
0.7592334204581185
1.2485479556369923
0.3080120073580542
0.5237134576041932
0.65443056801412
0.7546200551238206
0.5745586321765609
1.1417779851874719
1.4658413392442868
0.6299736758944167
0.39916003868856426
0.0005729620341493047
0.6852942063753312
0.7145138921836781
1.209522270695161
0.7753548656888927
1.682712912824039
0.8770767006743626
0.32678454316765854
0.8198657368191874
-0.20366107095995634
1.3564206147099152
0.9793838738339623
-0.12591168427319224
-0.10486966406177906
0.6601641293219204
0.5106404803706942
0.14365714930805784
1.5518122469603384
0.08515801295846627
0.640062164115661
-0.2220583641308241
0.7570462361851754
0.4314616191705645
0.3708991174857144
-0.007555658956679728
0.8992979581682284
0.8583597931146866
0.5271731321305816
0.27694012324024636
-0.18525253812240883
0.9771138741960664
0.9765417834870357
0.7401134686229413
1.2991936212039616
0.8035201140705638
0.37590456756339047
0.5403931134606591
0.33655666648684296
0.37678981746541945
0.4664340959979268
0.25457321146088896
0.296241050987464
0.41272152845099824
0.9930092788566051
0.603396801327927
0.23802188947133351
0.8046878252780522
0.1371338688450097
0.46240070226771124
0.5110976483994853
0.43834406115199864
0.9456034042305052
0.26661864326845847
0.7577427909229401
0.5110920620091518
0.5299033950387397
0.2809973350850541
0.3652753851896971
0.5882865138628411
1.1943331389658385
0.24654284483632913
1.4105034437864783
0.5930342810149318
0.9354577520519972
1.3258127719535762
0.22808414014517506
0.32084496989360894
0.22100062495278763
1.0694711532750907
0.866884544170261
0.44322401020742225
0.7288821322296758
0.24700708345027386
0.6145525706734606
0.3171130663842792
0.4753253506353105
0.48932303002022864
-0.14365268019834276
0.8541496401147414
0.30875834649634754
1.4286144188502397
0.20318964680334314
0.9763835373883593
0.4403343753341509
0.7022710807167533
0.4725692726894349
0.21059001657053059
0.5954068644163059
0.19134264974693718
1.3182691120533017
0.6456145501819913
0.7531756597331126
0.9699881399652613
0.2329657277316791
0.630759527616354
0.9940221408300879
0.7169599627488704
0.8178890616264133
0.6612973567854142
0.301093678015833
0.46638621723285906
0.8890475697151833
1.2998963513872208
0.3618079186075434
0.08261172593375266
-0.031071473328657017
0.0050126828918947335
0.44626579777473724
0.6165704306472567
0.020905660039478646
-0.41123333827106673
0.3766639933690334
0.5041042540746735
0.6473712496958434
0.5734480902967226
0.1960128208393098
0.7050048623015636
1.2917513167918695
0.7040427052160113
0.885695617957588
0.39114641174312154
0.8599377444046971
0.26875496073828503
0.20292874208109601
0.8133791406072297
0.9296295946655948
0.06516287831682067
0.680732035664008
0.9653493791887143
-0.0004519318378104857
0.3749831143535371
1.3385175175112671
0.5427316225612288
0.7881222791891331
0.6065401185594227
0.49195312822479714
0.08252859240936294
-0.046798003517897035
0.43650507168446345
0.8382682758833816
0.38307443194593604
0.042483013096101106
1.4555623525088501
0.17881345469364052
0.06386170986475707
0.4389402513948299
-0.026323879778264853
0.2839343558962802
0.27743039469006225
0.7854800614870547
0.49954906967698065
0.017414842483481352
0.5338501257596091
0.16624076639725938
2.147621492750657
0.8758397877711971
1.555516465470436
0.4737245175301735
0.8167580873802033
0.3574888094623208
0.3208453192467635
1.147407053707571
1.0466048653821385
0.4524438387082442
1.2764116739132234
0.7136592872071734
1.5034971464893665
0.38535131863674094
0.8069189381034269
1.657444442314354
0.06456227488633501
0.35964042022429804
0.985031993721354
0.8430254445615374
0.3289128148417133
0.5895193445301675
0.5582162149142155
0.5597976404870975
0.05409416459891956
0.7197161422434704
0.9347772143509046
0.7610825014583326
0.9339318945693091
0.42965479670072576
0.45435643697715894
0.6778181733441088
0.46253719245444724
1.1366344537583821
0.0918231196143882
0.45074408130249277
-0.1611693424528867
0.9332129786207163
0.35174475651268594
0.366310412180021
0.7898542349711083
-0.0350590220306812
0.3600299631636472
0.3799298132350568
0.5960817710853415
0.5001778708031871
0.11132872200971129
1.0178991858369975
-0.015544843041400414
0.6690416390706945
0.8111126262524307
0.10953312523623145
2.301477755512631
0.8299863257865582
1.1568787419283664
0.4842506214454175
0.19860951079785608
0.2422142814085918
0.04589761506976139
-0.2648112433010517
0.24122139986109872
1.1174364280524918
0.2173477451523378
0.5322257952081
0.2765178006607921
0.5494002815998783
0.387193397006083
0.06020439963756894
0.3371216568756856
0.13138477672896212
0.6997852915717141
0.730955053589399
-0.07279399574357212
0.4773361472245883
0.4324034886656592
0.539191714567547
0.5152550422336049
0.6702290649734693
0.5799349148392993
0.3265139467542903
0.874605278073938
0.2934688568883885
0.23599400629908787
0.9820641782077963
0.7674276870413381
1.091966331518693
0.7976308483422255
0.6857206071645545
1.097916553650964
1.5991473898529085
0.49225995986613036
1.0314214895249612
0.31060199086924184
0.24149632866309415
0.20596739289412203
-0.334724452266558
0.2503990759740026
0.4831027600011946
0.024462499507703978
0.1808988906451968
0.5996718185327606
0.9564437722142428
0.20506853797397315
0.8461663094267061
0.8664262578111801
0.1489053390417214
1.276309531076883
0.025432122783688244
-0.3291750931862896
1.166208004028013
0.38602217327966154
0.3340070787532068
1.317532121156092
1.0221347965530267
0.5333216255644974
0.3157228010429948
-0.10053736342143886
0.8412968167518134
0.1802342747748913
1.1546536815220487
0.42521898864171903
0.014619552886403812
0.3251435917224446
0.35805834724461993
0.060198690578363356
0.5052658478715719
0.3434971169934724
0.496030035448503
0.8277871073342701
-0.005520930208709964
0.47648513940431997
0.3858472345840007
0.25449493491983355
0.9259285359839748
0.9425787332544177
0.4183545340259615
-0.6244061182231828
1.7082122815602505
0.7150846770654408
0.16557517358225607
0.7413459429828045
0.8171667889133994
0.6931128050462257
0.3240384368514995
0.22391826685176705
1.3717034701860573
0.0955910945546643
0.49390547273843016
0.5598510735852129
0.7783104109264797
0.3149922976252043
0.9162253976237921
0.8288050510947277
0.8563976458636936
0.6725716413831221
0.2022804161257683
0.4040810296584872
0.40423908717654067
2.0046709974266865
-0.12691113703768023
1.180119758678125
0.4933266525252553
0.835346831323229
0.6476437390469526
0.2323097728464536
0.7672035262053196
0.9604267942976228
0.4904948092355475
0.5826756298300078
-0.37676812976666646
0.030227243054091593
1.0974099996953155
0.4017912698827754
0.6490795561048688
0.33883559149912057
0.8360713398577232
0.6546347821948385
0.4149166316066542
0.5602161308860384
0.47065291937121484
-0.10929764637234228
-0.15477996104487612
0.44745880830834106
1.0518130714650284
0.23389811694355514
0.691217723142611
0.03742789619767387
0.21710946862629577
0.13279751405933793
1.0188331962211734
0.564547374820967
0.48497147738017604
0.5331686355437668
0.2055982664221967
1.12172544483874
0.6472186177838101
0.9479964194070631
0.6014938656922599
1.4497286318214861
-0.15606174127140354
1.0334589213739764
0.13453973108257067
0.17047480744487675
0.35018005143171477
0.2584311117683445
0.21023267143691327
0.30135425805166444
0.4509542602611942
0.5248379180942954
0.6912089429470423
0.6625570616932478
0.09175844121096988
-0.03255938031608665
0.673967456074808
0.09531334153589043
1.5893639167445028
0.28178508887381
0.49108308614553237
1.057404863714961
0.36779746272079045
0.6434376953209405
0.7024170271630047
0.054941919847913974
0.40097308779681945
0.5148929591385943
1.216630820509382
0.2978505418911297
0.6920110993001886
0.24238230746408562
1.8613048911905323
0.315619441347528
0.9654737784402828
1.9147929254850506
0.19337996726785592
0.7688030529441114
0.4060881569510763
0.8198335175810465
0.7624654441834832
0.584852169113467
1.02108060073299
-0.33703830867633355
0.6104490067597999
0.18911880892720015
0.621350990792512
1.1442165639516924
