0.7539930780271608
-0.013779199349635748
0.2612626753462819
0.1302274176575052
0.3898335234739259
0.1959346910962011
0.692603942283136
0.5802470643703848
0.9931514239800786
0.47065584527173865
0.4182042597697498
0.9344533827912135
0.49998717604501386
0.5539499127610717
-0.21584267516266853
1.2228957069742272
-0.4448142824621397
0.4896556092913213
-0.07101833444175841
0.32652316925728936
0.04665028947465329
0.7730629166946058
0.2602955111949948
0.44916689722964587
0.2198122766413708
0.9856125929154791
-0.38193957659600763
0.9648730599383356
0.34014742108940776
0.09239361997099038
0.9744498053291123
-0.082197173579952
0.5458755780343785
0.23208339085383192
1.0876560482770454
1.1596349068128402
0.30401528149262885
0.5663301435050115
0.2440243252423148
0.9596662574139758
0.9714837974936469
0.39930025623477844
1.0719869693624722
1.0132619595989396
0.17543087017140632
0.2288149787030911
0.34267613026348265
0.708511461801192
0.22637152031678823
0.6245361339909895
1.1618818310311543
0.5523167461845965
0.3549171066634261
0.27042378481710655
-0.2513344717886467
0.5349126633181921
0.6533147475655902
0.3035420569450546
0.7100021621709058
0.6866276845176275
-0.009556727380490416
0.9457608034698665
0.17312105154963123
1.2221710890086463
0.5313369587998508
0.49175024250381644
0.13208641448986647
-0.38367596408782373
0.29132329874327734
0.47306504990673437
0.5373379697683891
1.0887775903111307
0.9060916141570875
0.8051221273189192
1.0144766465912955
-0.06093549172420413
0.6124861384323262
1.1702818704915476
1.007726565966037
-0.4226354944574477
1.6825914120305818
0.3458962551605538
0.463644022993319
0.47109256870868466
0.10926001635630135
0.9534071643998926
1.1330284612807058
0.4810419700070601
1.4617463912515614
1.0928881693868868
0.5431868372848324
0.9669665008335442
0.15448278673613208
1.8109491006614407
0.4815260186765981
0.46622229527683273
0.3521449512669798
1.2071871856287546
0.5511121580156039
0.6547646752713955
1.0364827156330465
0.0331837197992364
0.3824015970164723
1.3313272790920658
0.8010663809140945
0.26154068030475003
0.15924105837703675
0.5785005894976404
-0.5005784789627395
0.44135994618412755
1.0188625186722067
-0.4684296742159491
0.76389224536608
0.20706251662005806
0.17174758626633865
1.3694886425854562
0.5877497566503437
0.6074235026287419
0.08296562141996174
0.15042906010728724
0.8507773149108632
0.47612411059231247
0.805096265494457
0.44493250898507714
0.8756090265772946
0.7679216460594462
0.2996159519222596
0.5284758536541649
0.15502818898213933
0.5420508555507874
0.6465166442248624
0.7064084232101725
0.443034324544507
1.5543572426908019
0.5717562857560116
0.240760849050376
0.06917489244847243
0.8589523777071807
0.3843103048814747
0.6109269497396489
0.7361265275846668
0.4837563234750128
1.0485818292057945
0.26157673139558063
0.656858391715912
0.8157127014749289
0.4853580856806839
-0.08838674002886156
1.6043010249892042
0.28822224701374516
0.9881337879615372
0.638464942742658
0.3086113611460984
0.6949896791285806
0.5684844442129758
0.5422495712436773
0.558779898293147
1.0984971949845235
0.7928346455292449
0.5457204311709428
0.3621060810763934
0.6092483145556965
0.6864673168620025
0.33723148503491734
0.883447492295098
0.2908972768621578
0.5071603929919415
0.4897007653368816
0.5202867705548727
0.5685549277887534
1.2608456331815872
0.40682532823601014
1.0766220502314319
0.35705817287206165
0.7995839238518941
0.9111849915574212
0.6251118260974438
0.39542751550607697
0.38917527170231064
0.8523111938477209
0.3767429106915315
0.4051524604011421
0.45742464688300055
0.1648112249644972
0.747945995246066
0.4756202668595446
0.5690899246641087
0.5928806575614903
0.027985238318319765
0.9058744098435664
0.5073164053753494
0.45099086193486065
0.4711272457891678
0.9867250098320826
0.3191062912808738
0.3527285465660009
-0.1170839278671328
0.2247959905246729
1.1073384600257143
0.06336890933869367
0.5955531807900739
0.02389237293129734
0.322241555719744
0.5381265818861333
0.5571613895181372
0.48193167119013197
1.0828011731083687
-0.011312901996588512
1.0920350151238074
0.39287598120424994
0.30811142630860966
0.9902704882616941
0.4526337921009041
0.5087674920134974
0.12460146740087018
0.9966696958499623
-0.4628165793336964
0.8112129163964364
0.40007237493603826
0.4107031081523081
0.08955727272185622
0.20137630876212034
0.2995716769237486
0.6356473054822381
-0.07614769629467144
1.0263464728635265
0.08008123487931892
-0.08483139031416453
0.15966715484671287
1.2443074671043872
0.34382579042782746
1.6862467815198026
0.45200189635089827
0.7835524123492187
0.5720376371688473
0.8351229560571216
0.6733899388545312
0.8058942195250688
0.5913549085756405
1.081692873401632
0.5527311432113832
0.19775798420257415
0.4348250143216403
0.7671416344112818
-0.01447190091679823
-0.2801856883584666
0.8052159132079343
1.1843744713479691
0.9782227527459247
0.40721162567100855
0.7009389903804958
0.3899296077502383
0.3464900007364818
0.9031795699843128
0.6013493245510356
1.3016549081340574
0.6461436783760394
1.0986213498117712
1.0411161778448825
0.30010364136447737
0.21765749892630437
0.4776174185737118
-0.019407716766672484
0.1594975555348855
-0.018048911176946663
0.9151880591610638
1.0355657089922814
0.5118740622914048
1.027305366848929
1.0966036647322692
0.34066521185164717
-0.04653340740919006
0.09829901073259323
0.346958261875955
0.07874958784282865
0.24119500583999046
0.4258863798233358
0.05662844832873032
0.8280102318086904
-0.4189746617163442
0.7818564049353683
0.44455563062517184
0.9376845589788463
0.46693528995068406
0.5569186193186897
0.6182960554508846
0.45430115609712574
0.8221060958255199
0.6232680216238444
0.552218512342521
-0.2594614570281906
0.522832281049996
0.35479010368512026
-0.055518859909798456
-0.49977616596733276
0.8817093831528369
0.7072329933213655
0.44778132225496
0.06704182352767918
0.27838542389140186
0.42097788105054484
0.2694585628224527
0.38267774907285745
0.8216194533593324
0.6859756238366166
0.3475437042352041
0.37799229341617063
0.227500118734132
0.6799651050295838
0.8775736961218765
0.49847725297354534
0.8441529064818555
0.5612268556184805
0.6780869936454845
1.3096199755143063
0.7273106590312827
0.265726298075093
0.09413864864027995
0.3359705570189229
1.53317842807986
-0.00418385607270196
-0.44817947787547124
1.1541224685512588
0.3657515927763198
0.025614937979658452
0.5360083278461866
1.0178902071138412
0.743632156909278
0.45677914598334546
0.2882440454610002
0.8736983611570907
1.1433644070706934
0.25647910994467277
-0.05467538121423828
0.3870291692475239
1.5869608842946004
0.9666426410959726
0.40816328921555606
1.0388487292791604
0.7081269473195203
0.7411511675174635
1.0983038173651067
0.36848115821828925
0.21057495946699537
0.2778971957989785
0.4252470766541983
0.3919684341752461
0.964777127464422
0.878776459471044
0.5286890161112211
1.4072713333010611
0.9109744921567094
0.3367526512488646
0.3258313138601476
0.558420897524929
0.7402061434998105
0.1262813539936217
0.2275305091243378
-0.6857107429995685
0.41204493398725556
0.055121141915886525
0.9718138937902477
0.4470830326445101
0.5130638797461158
0.3634609193588401
0.7428276592709427
0.7019517281557528
0.40772638054525506
0.16403391249891022
0.5408482794752273
0.448619842703587
0.2262615629551196
0.41903185259544923
0.009651754430149798
0.500990434511643
0.7631096561135712
0.4835586612397451
0.1270464544119144
-0.03635744082614989
-0.026721141052259905
0.36019057060133974
0.2892120218811619
0.45990423595757113
0.4939943731103458
0.6308712663601949
1.0565650249959402
0.7145969181547573
0.9376503832785904
-0.23313517458760782
0.928388851064773
0.7179328822756318
0.7497746760023846
0.4984243467127605
0.18924425630643407
0.11890271279570537
0.672164230450714
0.20433466727479707
1.3504599494081926
-0.07009026280041646
-0.0035048603044360673
0.5607032238156074
0.6907773425272845
0.28067574456641264
0.09841632914516178
0.5388752884987114
0.6137604492287212
0.5302387125183196
0.10060742675938278
0.9624637766891148
0.4196479199474828
0.41152608270362795
0.9118411583735736
0.057925788440663574
0.7497689763534009
0.45026634138421867
1.041382350424706
0.5131635758148433
0.17919070776793708
1.3593985257250336
-0.04432313568082082
1.0220247288170266
0.2558999085390077
0.859729255927789
0.4922022001245015
0.1708319831679089
0.4356407395595024
0.6604989833466061
0.19001985599519444
0.4783391362702276
0.9974217121170694
1.1696252547702521
1.1094202646359497
0.6805943612352564
0.28721630756441413
0.4496274542297091
0.35544608912631576
0.22509340285827015
0.45081810135117983
1.4743144212152204
1.0427095479716433
0.9540179234833888
1.1946889202472781
0.15014370055035484
1.0642354754441439
0.005213295741561079
0.8486500942676442
0.6575559151332548
0.5276930513325658
0.9861494778675338
0.5908053693913456
0.7272443205482784
0.531375967383184
0.1598283364759004
0.63553464858493
1.0441099509693903
1.1801828204034364
0.7008386985131944
0.5267772620188348
-0.06013378961706491
0.5494288718463723
0.03785232551630318
0.7728948670934691
0.21672201212612782
0.31633542450018975
0.44376425411404447
1.047879716602443
1.4528624530561745
0.048815179911856556
0.8157316549549303
0.4513463163478187
0.3037375700042237
0.5599109525544624
0.12366148280679246
0.33497746115390664
-0.33515195894546657
0.4993111910994101
0.703995880250018
0.18017087993456138
0.880830044793112
0.5445599764009147
0.35858783424897805
0.9118468985431883
0.18816277281604232
1.474871717801325
1.200412082790446
0.12700953419981906
-0.11148587299700204
0.6594664377999014
0.7425688317489
0.42408802867862216
0.5648097662650566
0.1614987811803322
-0.06453791781323355
0.5939161215864627
0.8596582613724847
0.36577668519412326
0.19508759136972698
0.5741772982438472
0.7418572378194096
0.21026813635232586
1.3851119648617622
0.6517277879661826
-0.2621115701589298
0.4009946913680733
0.27543505829442105
0.16515557310242293
0.9607208198083569
1.4865310349895038
0.8699721774900122
1.2594438666400922
0.38627575866073033
0.7111667380314327
