0.400569522187362 6.25e-05 0.001
-0.5954904388835082 6.25e-05 0.001
-0.6723768425249955 6.25e-05 0.001
0.80011821424601 6.25e-05 0.001
1.5769259296328946 6.25e-05 0.001
0.2284351503896219 6.25e-05 0.001
-0.3992946133187616 6.25e-05 0.001
0.06716114493417986 6.25e-05 0.001
-0.7017137652629767 6.25e-05 0.001
2.869746853267277 6.25e-05 0.001
0.9500679969974994 6.25e-05 0.001
-0.6236584465995406 6.25e-05 0.001
-0.5097156699461162 6.25e-05 0.001
-3.025216391997386 6.25e-05 0.001
-1.293538177058069 6.25e-05 0.001
-1.2942041178453851 6.25e-05 0.001
-0.013466155118491993 6.25e-05 0.001
0.4515853082498061 6.25e-05 0.001
-0.17966954357593692 6.25e-05 0.001
0.027768014914659744 6.25e-05 0.001
-0.9995585058731508 6.25e-05 0.001
0.09945787220537082 6.25e-05 0.001
-1.9416474658777616 6.25e-05 0.001
1.245617155242236 6.25e-05 0.001
-1.7672085973363914 6.25e-05 0.001
0.10832453395968115 6.25e-05 0.001
