0.4538213108305021 0.0005 0.001
0.1722808007980242 0.0005 0.001
-0.692625892589063 0.0005 0.001
-0.7931609392489882 0.0005 0.001
-0.06210738702917262 0.0005 0.001
2.0178100606547464 0.0005 0.001
-1.3155448015095608 0.0005 0.001
1.2619550550823802 0.0005 0.001
-0.6727267292429105 0.0005 0.001
-0.22102942312410515 0.0005 0.001
-2.6051727886074842 0.0005 0.001
-0.5527955888604951 0.0005 0.001
1.7017644199962483 0.0005 0.001
1.87194232456749 0.0005 0.001
-0.696330183251726 0.0005 0.001
0.740446933794385 0.0005 0.001
0.0984728446172561 0.0005 0.001
0.688193924179283 0.0005 0.001
1.5815898881195276 0.0005 0.001
-3.091638885526825 0.0005 0.001
-1.4630713838927585 0.0005 0.001
-1.6336798769769718 0.0005 0.001
0.8691048428083133 0.0005 0.001
-0.26050815995687476 0.0005 0.001
0.2157227632758623 0.0005 0.001
-0.9384434890822844 0.0005 0.001
0.3121821184839454 0.0005 0.001
0.015801850820167163 0.0005 0.001
-1.4977577177952124 0.0005 0.001
0.17888639900711478 0.0005 0.001
-0.6127132637777654 0.0005 0.001
-1.6878220562944908 0.0005 0.001
0.26890360923185014 0.0005 0.001
-2.483227632277232 0.0005 0.001
-1.7316245515950002 0.0005 0.001
-0.2851471732355416 0.0005 0.001
-0.5941646642173729 0.0005 0.001
-1.028709476346217 0.0005 0.001
-0.13880007214439724 0.0005 0.001
-2.0044083878376324 0.0005 0.001
0.6460561734045441 0.0005 0.001
-0.22230343455051352 0.0005 0.001
-1.6705975837683391 0.0005 0.001
-1.6361524458894836 0.0005 0.001
1.3310327902757295 0.0005 0.001
-0.8166570322542294 0.0005 0.001
0.8296152113250995 0.0005 0.001
-2.0292277521300672 0.0005 0.001
0.8025981949252731 0.0005 0.001
-1.652204304324835 0.0005 0.001
0.6420721185064386 0.0005 0.001
-0.40443240309834766 0.0005 0.001
0.006141707009007587 0.0005 0.001
-2.966773662654291 0.0005 0.001
-0.05062750460742673 0.0005 0.001
0.22260330256141783 0.0005 0.001
0.33459618551902787 0.0005 0.001
-1.4166791829701697 0.0005 0.001
0.7069197369864053 0.0005 0.001
0.505683515182671 0.0005 0.001
0.39385448577037635 0.0005 0.001
0.9873253747344289 0.0005 0.001
-2.448839565408425 0.0005 0.001
2.1821777334644024 0.0005 0.001
0.8768880609651384 0.0005 0.001
0.5308605853928543 0.0005 0.001
1.526312018180083 0.0005 0.001
0.29959419589458197 0.0005 0.001
-0.6435603511683669 0.0005 0.001
-0.3611876832961749 0.0005 0.001
-1.298548951476919 0.0005 0.001
-1.0531365549905627 0.0005 0.001
-1.6377068681274771 0.0005 0.001
-1.6685884885065583 0.0005 0.001
0.6485235192582485 0.0005 0.001
1.4768117798141114 0.0005 0.001
-0.18183697560793796 0.0005 0.001
0.609402515634461 0.0005 0.001
-0.24160407826867022 0.0005 0.001
1.6523850938468694 0.0005 0.001
1.2136636145925142 0.0005 0.001
1.443938648158421 0.0005 0.001
0.2800188527675951 0.0005 0.001
-0.42758291300033746 0.0005 0.001
1.0921960054358333 0.0005 0.001
-0.4283535085724732 0.0005 0.001
1.9387320039333094 0.0005 0.001
1.099419922923636 0.0005 0.001
-2.1971224666638327 0.0005 0.001
1.4556396866592396 0.0005 0.001
-0.22751926543891596 0.0005 0.001
1.413189673917379 0.0005 0.001
-0.7403276649057563 0.0005 0.001
2.37514723357833 0.0005 0.001
-1.2078238428815624 0.0005 0.001
0.09408041434665086 0.0005 0.001
-0.3007314453820058 0.0005 0.001
2.9154457922375467 0.0005 0.001
-1.2685191289429614 0.0005 0.001
0.715139281834838 0.0005 0.001
1.541345289215366 0.0005 0.001
-1.8188807911449871 0.0005 0.001
0.9301324750997715 0.0005 0.001
-1.810583124116014 0.0005 0.001
0.7180338471258998 0.0005 0.001
0.053820474139909556 0.0005 0.001
-1.1429108972106532 0.0005 0.001
-0.21460627444223765 0.0005 0.001
1.3390333183493024 0.0005 0.001
0.2901352603877433 0.0005 0.001
-1.8902432588165832 0.0005 0.001
0.37010000683626537 0.0005 0.001
0.05683266988330071 0.0005 0.001
-0.7529496426626919 0.0005 0.001
0.6244547073274591 0.0005 0.001
-0.7626495506014587 0.0005 0.001
-0.5430365028748968 0.0005 0.001
-4.09509973421336 0.0005 0.001
-2.0725254770722326 0.0005 0.001
0.881995250355844 0.0005 0.001
1.5314633924262278 0.0005 0.001
0.9553878399388567 0.0005 0.001
0.8956447252083638 0.0005 0.001
0.7501183631408453 0.0005 0.001
-0.01500225914968619 0.0005 0.001
0.6224465602792189 0.0005 0.001
-0.9781125082190791 0.0005 0.001
1.3964382742305634 0.0005 0.001
-1.5615207466700476 0.0005 0.001
-0.7733843582124579 0.0005 0.001
1.907944333399185 0.0005 0.001
-1.286183809170742 0.0005 0.001
0.622218052488415 0.0005 0.001
0.27134430535483595 0.0005 0.001
-0.5900953383559591 0.0005 0.001
0.3606149031865708 0.0005 0.001
-1.3521852515818757 0.0005 0.001
-0.483534973445864 0.0005 0.001
-0.06861832225701588 0.0005 0.001
0.37060291906164666 0.0005 0.001
-0.9677200986599446 0.0005 0.001
-0.9140014754763707 0.0005 0.001
0.5729049958571522 0.0005 0.001
1.0272840740006624 0.0005 0.001
1.2416389585837524 0.0005 0.001
0.023204156225596944 0.0005 0.001
-0.025801336983688434 0.0005 0.001
0.26448753654946444 0.0005 0.001
-0.2692365828008896 0.0005 0.001
-0.5417623354983252 0.0005 0.001
1.0014759715445365 0.0005 0.001
-1.7868788939336302 0.0005 0.001
-0.8977708922341364 0.0005 0.001
0.4917476301130927 0.0005 0.001
0.1781162116960223 0.0005 0.001
1.1865789200589647 0.0005 0.001
0.2656734669411586 0.0005 0.001
0.38769086819524096 0.0005 0.001
-1.0773603577962738 0.0005 0.001
-0.5841129531747993 0.0005 0.001
0.22990762104451049 0.0005 0.001
-0.005215832008672002 0.0005 0.001
-0.137222895745962 0.0005 0.001
-0.5555827250420666 0.0005 0.001
-0.09571568905199739 0.0005 0.001
-0.31807208661010067 0.0005 0.001
0.9892629011104158 0.0005 0.001
0.31631569494328626 0.0005 0.001
-0.37773767952683995 0.0005 0.001
-0.17584277451081828 0.0005 0.001
0.8970261169759532 0.0005 0.001
-1.1843071113443524 0.0005 0.001
0.3429596120564257 0.0005 0.001
-0.013482106553134574 0.0005 0.001
-0.4727477300251919 0.0005 0.001
0.6902898275048289 0.0005 0.001
-1.6053208282341946 0.0005 0.001
-0.9842460578024612 0.0005 0.001
0.14240311245190962 0.0005 0.001
1.0604573234063857 0.0005 0.001
1.8322343505008203 0.0005 0.001
-1.8908513956747066 0.0005 0.001
-0.18114693360117307 0.0005 0.001
-0.08819946473112102 0.0005 0.001
0.09001141861719214 0.0005 0.001
-0.32322683224831217 0.0005 0.001
-1.5299753394157578 0.0005 0.001
-1.035257136488806 0.0005 0.001
0.7490149959351834 0.0005 0.001
0.6142586049088968 0.0005 0.001
0.8417311449891024 0.0005 0.001
-0.9182379761825965 0.0005 0.001
0.02643414314776112 0.0005 0.001
-1.3888371433548368 0.0005 0.001
-2.003958327524351 0.0005 0.001
-3.0497602982947316 0.0005 0.001
0.4187550324916147 0.0005 0.001
0.9628868216935169 0.0005 0.001
0.6638269848407616 0.0005 0.001
-1.32608591958295 0.0005 0.001
1.3631966151166972 0.0005 0.001
1.2836624734363486 0.0005 0.001
-1.1920478217799206 0.0005 0.001
-1.4994085907168966 0.0005 0.001
1.1841598443342523 0.0005 0.001
-1.178714149278876 0.0005 0.001
0.960683300156194 0.0005 0.001
-0.9198251940453196 0.0005 0.001
0.7609200381787535 0.0005 0.001
0.31659328051707336 0.0005 0.001
-3.0280428560622448 0.0005 0.001
-1.3776641680063317 0.0005 0.001
-0.9732673854584623 0.0005 0.001
1.3382998854080004 0.0005 0.001
1.8378048218943015 0.0005 0.001
0.3064902093645853 0.0005 0.001
-0.5509520114601355 0.0005 0.001
-0.566043089165208 0.0005 0.001
0.6633972211517968 0.0005 0.001
-1.3499848543226138 0.0005 0.001
-1.3056535527855122 0.0005 0.001
1.0905216395973794 0.0005 0.001
-0.9299174825276358 0.0005 0.001
0.7694482669002382 0.0005 0.001
-0.14758661278801757 0.0005 0.001
-2.021831042416569 0.0005 0.001
0.17615159745773248 0.0005 0.001
-2.423858974635079 0.0005 0.001
-0.9184669535436778 0.0005 0.001
-0.6762815267747406 0.0005 0.001
-1.1628008106420846 0.0005 0.001
-0.7120995214251153 0.0005 0.001
0.6774707686577042 0.0005 0.001
0.8379763802770329 0.0005 0.001
2.528839485077621 0.0005 0.001
-3.0332424347648477 0.0005 0.001
0.3904522391659655 0.0005 0.001
1.369315628259882 0.0005 0.001
0.45916528588598177 0.0005 0.001
0.7613701930989136 0.0005 0.001
-0.8639848786080653 0.0005 0.001
1.0813837917391196 0.0005 0.001
1.346410800835845 0.0005 0.001
0.4100217262225805 0.0005 0.001
-0.27035137261990677 0.0005 0.001
-0.048860368916306594 0.0005 0.001
-0.9787734573820385 0.0005 0.001
-0.7355109101963495 0.0005 0.001
0.629686267657353 0.0005 0.001
-0.0689417468816859 0.0005 0.001
0.22605819650105186 0.0005 0.001
0.32337411019678425 0.0005 0.001
1.484960049987376 0.0005 0.001
-0.9847017061197718 0.0005 0.001
-2.3076689440151164 0.0005 0.001
-1.4431257161575157 0.0005 0.001
-1.1248665648100151 0.0005 0.001
1.3144150978611606 0.0005 0.001
-0.16009700659166856 0.0005 0.001
0.20969761327001893 0.0005 0.001
0.5634345759685838 0.0005 0.001
0.25967485363420506 0.0005 0.001
-0.24629623168445433 0.0005 0.001
-2.24099767901142 0.0005 0.001
-0.5149794613401532 0.0005 0.001
0.12591896516946244 0.0005 0.001
-0.6379037975752265 0.0005 0.001
1.0708957132965362 0.0005 0.001
-0.48532352315568206 0.0005 0.001
1.4509302814134923 0.0005 0.001
-0.11613731228470814 0.0005 0.001
0.011301927805210518 0.0005 0.001
0.5349415230588186 0.0005 0.001
3.757872253473112 0.0005 0.001
-0.705307550524506 0.0005 0.001
0.1334615860423589 0.0005 0.001
1.6568299212221673 0.0005 0.001
-1.2981951679515806 0.0005 0.001
2.3033160972587776 0.0005 0.001
0.6040538996559733 0.0005 0.001
-0.06521157781822114 0.0005 0.001
0.6938991892494975 0.0005 0.001
0.5211410369123942 0.0005 0.001
0.7518072546459216 0.0005 0.001
0.1351739983744484 0.0005 0.001
0.1519901504428152 0.0005 0.001
0.7212879914765132 0.0005 0.001
-1.8228988050430335 0.0005 0.001
0.30973140597110566 0.0005 0.001
0.8530572072892707 0.0005 0.001
-0.05608009588453078 0.0005 0.001
0.04743386687774757 0.0005 0.001
-0.2148341551871087 0.0005 0.001
-0.4981333222393509 0.0005 0.001
0.6791138704437693 0.0005 0.001
0.49318601085748126 0.0005 0.001
-0.42044173533697043 0.0005 0.001
0.8369219792549584 0.0005 0.001
-0.5248475188021133 0.0005 0.001
-0.29419444792120664 0.0005 0.001
-1.6980997596145375 0.0005 0.001
-0.8492113453431998 0.0005 0.001
-0.8514720533821789 0.0005 0.001
1.245305647667795 0.0005 0.001
0.28300786474401357 0.0005 0.001
0.287612639135712 0.0005 0.001
1.1345779949340409 0.0005 0.001
0.39834558073276777 0.0005 0.001
-1.6710709936687473 0.0005 0.001
-1.8179573336720172 0.0005 0.001
-1.9460218750461136 0.0005 0.001
-0.7450769927127769 0.0005 0.001
0.5964153331835486 0.0005 0.001
1.2573049007093262 0.0005 0.001
-1.7390452302018817 0.0005 0.001
-3.916539404445109 0.0005 0.001
-0.9958105110312907 0.0005 0.001
-0.17312065453807893 0.0005 0.001
0.09790726491407302 0.0005 0.001
0.10840240297943139 0.0005 0.001
1.9329471595748988 0.0005 0.001
0.6664457926626123 0.0005 0.001
2.393209296327106 0.0005 0.001
0.5878369935213469 0.0005 0.001
1.2410374135880422 0.0005 0.001
0.30601059481760845 0.0005 0.001
1.2456634481307038 0.0005 0.001
-0.7987567498621874 0.0005 0.001
-0.2238901989133061 0.0005 0.001
0.5973748375368313 0.0005 0.001
-1.0252986761806275 0.0005 0.001
-3.9172133731218834 0.0005 0.001
-1.004482961784775 0.0005 0.001
-2.4996835267285316 0.0005 0.001
1.1583928254321383 0.0005 0.001
1.3747107785780432 0.0005 0.001
1.1625644498388448 0.0005 0.001
0.9747561093847651 0.0005 0.001
-0.6733715543085683 0.0005 0.001
-0.518968809652034 0.0005 0.001
0.024172436580826618 0.0005 0.001
-0.9929844161904905 0.0005 0.001
-0.10792405925547077 0.0005 0.001
0.7967473656757317 0.0005 0.001
0.9080535368913517 0.0005 0.001
-0.3448134086979202 0.0005 0.001
0.9003542264420078 0.0005 0.001
0.3365944823529114 0.0005 0.001
0.7329769463032273 0.0005 0.001
0.9889109250708935 0.0005 0.001
0.0009014196365752328 0.0005 0.001
1.39731638326739 0.0005 0.001
0.06791709410454555 0.0005 0.001
1.887468271830519 0.0005 0.001
-0.2559987151712639 0.0005 0.001
-0.9891822712814017 0.0005 0.001
0.2785593287108065 0.0005 0.001
-0.9358217790591566 0.0005 0.001
-0.35683255885873794 0.0005 0.001
0.012407907757370912 0.0005 0.001
0.303329752025089 0.0005 0.001
0.3883225461683373 0.0005 0.001
0.07384177092222573 0.0005 0.001
1.1657111392528385 0.0005 0.001
-1.8855991155706844 0.0005 0.001
-0.25054529232617395 0.0005 0.001
0.38393136529881816 0.0005 0.001
0.44249871879785774 0.0005 0.001
0.4373908756215432 0.0005 0.001
-3.5022744628905085 0.0005 0.001
-0.2641642245382689 0.0005 0.001
1.761318645190892 0.0005 0.001
0.19450172567224797 0.0005 0.001
-1.0478738172911861 0.0005 0.001
0.69800986828129 0.0005 0.001
0.8233494858689664 0.0005 0.001
1.2221773392755066 0.0005 0.001
-1.929274319976252 0.0005 0.001
0.22026535827205698 0.0005 0.001
1.7661062207260496 0.0005 0.001
-2.08252941140758 0.0005 0.001
0.09256145135762768 0.0005 0.001
1.0023563921501324 0.0005 0.001
0.05068271194630469 0.0005 0.001
0.5438575172963257 0.0005 0.001
-0.18825725465587273 0.0005 0.001
0.38388928477896017 0.0005 0.001
2.14154806441655 0.0005 0.001
1.495078343945053 0.0005 0.001
-0.6023815789652378 0.0005 0.001
-0.43458350868631673 0.0005 0.001
1.2457294012288578 0.0005 0.001
0.1352288758624682 0.0005 0.001
-1.7794823416180954 0.0005 0.001
-0.9172587627400333 0.0005 0.001
-0.31938339686765577 0.0005 0.001
0.8417106332534514 0.0005 0.001
1.0444800517173372 0.0005 0.001
-0.5646412410254139 0.0005 0.001
-0.6008367129763846 0.0005 0.001
1.2476573649900198 0.0005 0.001
0.1844272709418541 0.0005 0.001
0.4120886175511263 0.0005 0.001
-0.3053633888734169 0.0005 0.001
-0.034260343230773684 0.0005 0.001
-0.4837653061627267 0.0005 0.001
-1.5552149080540296 0.0005 0.001
1.2920202945472479 0.0005 0.001
-0.7851961267440766 0.0005 0.001
-0.30668636459842186 0.0005 0.001
-0.5003846437414928 0.0005 0.001
-1.196188408860866 0.0005 0.001
1.0033213374632164 0.0005 0.001
1.1134565265561487 0.0005 0.001
-2.1837214317760183 0.0005 0.001
-0.4966692080894046 0.0005 0.001
1.3093369382236728 0.0005 0.001
1.234441729255378 0.0005 0.001
-0.3995840851662516 0.0005 0.001
-0.4698271597468599 0.0005 0.001
-1.4282160411026854 0.0005 0.001
0.5444753437407653 0.0005 0.001
-1.1205036714515522 0.0005 0.001
-2.750052928064577 0.0005 0.001
0.5415044857029203 0.0005 0.001
0.4247395359315047 0.0005 0.001
0.26391757616483624 0.0005 0.001
-0.2951979599054984 0.0005 0.001
-0.771563302766389 0.0005 0.001
-2.7869282362673693 0.0005 0.001
0.7490148087103691 0.0005 0.001
0.5069338947062946 0.0005 0.001
-2.6172742288291238 0.0005 0.001
-3.0625582834442913 0.0005 0.001
0.34191995349032583 0.0005 0.001
2.3365022435733938 0.0005 0.001
-0.7918449228896843 0.0005 0.001
-0.23746998460267488 0.0005 0.001
0.993108087526228 0.0005 0.001
-0.7028652325518886 0.0005 0.001
0.3156501708209483 0.0005 0.001
0.3203216449865361 0.0005 0.001
0.37433161488019634 0.0005 0.001
-1.9641827429497962 0.0005 0.001
0.26559965822722637 0.0005 0.001
-0.9520455878086548 0.0005 0.001
0.130318766150837 0.0005 0.001
0.16111113460959545 0.0005 0.001
0.43212216900581213 0.0005 0.001
-2.9063838695906075 0.0005 0.001
-2.976035178214526 0.0005 0.001
0.2905687286281324 0.0005 0.001
-0.25807580289492904 0.0005 0.001
2.2138723593438363 0.0005 0.001
0.8004402852334818 0.0005 0.001
-3.2683085097389575 0.0005 0.001
-0.8733261013280819 0.0005 0.001
-1.709336769277267 0.0005 0.001
-0.2759956079205091 0.0005 0.001
0.5980515115675246 0.0005 0.001
-0.8607062803996982 0.0005 0.001
-0.9220967940763994 0.0005 0.001
0.1649944354799128 0.0005 0.001
0.44767646352892204 0.0005 0.001
-1.7923958278444232 0.0005 0.001
0.5129815536871729 0.0005 0.001
-1.7695800128223846 0.0005 0.001
0.08539344321032553 0.0005 0.001
0.45931253074946315 0.0005 0.001
0.5717765978019423 0.0005 0.001
-1.327037051464914 0.0005 0.001
0.03888678815046853 0.0005 0.001
-0.006324404845050785 0.0005 0.001
1.4079087432896147 0.0005 0.001
1.492520935925289 0.0005 0.001
-1.5464795802572364 0.0005 0.001
-1.0879408518534965 0.0005 0.001
0.6270510521242245 0.0005 0.001
0.21083788002593354 0.0005 0.001
0.11559667092135163 0.0005 0.001
1.6829853982516207 0.0005 0.001
-2.010475817212304 0.0005 0.001
-0.8659729763385572 0.0005 0.001
1.3248333929405736 0.0005 0.001
-2.861518439795574 0.0005 0.001
-0.9852776078602759 0.0005 0.001
-1.0962544022612768 0.0005 0.001
-0.16818947443808166 0.0005 0.001
-0.05434587507106873 0.0005 0.001
0.9741294695452782 0.0005 0.001
-1.4066546948160703 0.0005 0.001
-0.8554728186005834 0.0005 0.001
0.06279892703719454 0.0005 0.001
1.058747124870075 0.0005 0.001
-2.144715133173473 0.0005 0.001
-6.7701141218207335 0.0005 0.001
0.6817208617495417 0.0005 0.001
0.180489594872849 0.0005 0.001
-2.3803666988680163 0.0005 0.001
-1.596900597940573 0.0005 0.001
1.5011248014482585 0.0005 0.001
-0.4705601494196297 0.0005 0.001
-0.841648111127309 0.0005 0.001
1.8216004379834765 0.0005 0.001
-0.19822790834784978 0.0005 0.001
1.5412705287989492 0.0005 0.001
0.6152558482375018 0.0005 0.001
0.45749250376960626 0.0005 0.001
1.0128168779809965 0.0005 0.001
-0.9046151732279348 0.0005 0.001
-0.004823097686312801 0.0005 0.001
2.654628221983117 0.0005 0.001
