1.9361501362525573
2.3401973216255154
2.2242354588357407
2.104457406733015
1.88576182701847
2.209095934774381
1.4123760037422661
1.8017161877296903
1.6565177626757197
2.588491959994405
2.2448950929073557
1.554844975456512
2.099779148515928
2.1984622238489773
1.905635149464482
1.629340374984589
1.9129725246546017
1.6482314809054792
2.634426129350922
2.452928299321028
2.0949115921660852
2.6983969273059096
1.993338709844777
2.6219771686586983
1.2573301148798988
2.7674291002772713
1.311576554225534
1.9367225359605458
2.0344371143962108
2.220277806770438
1.2786168554408144
2.729487092565492
2.499681657000771
1.890293686022704
1.7651187923679272
2.6422795165863056
2.100173992881046
1.5441353809172729
2.590078973963558
2.4055989000484046
1.9076998551346434
3.0430017067454624
1.7749192304223433
2.8829376769989383
2.6571046225545474
1.971002533933067
3.205844718949242
1.7497366130286276
2.7443887231401267
1.4271818950838038
2.5419910053715293
1.0811847991431327
1.85513502098594
2.5543530760607696
1.5631262199444158
2.8181481973759173
3.72096948693977
3.392612671828059
1.8922704931699672
3.148958079195738
1.9634264163271025
1.2898393469890588
2.1973393852731964
1.6544688589486458
1.6639443065623878
1.5012651812837738
1.699948950948638
1.9651710153139446
1.2849649050782885
1.6977375527326324
2.3339819425687964
1.4700026496907697
1.431323736389885
2.117037699754984
3.138101434841205
1.7853915749305047
2.235373108520205
3.8296199164621
2.808661983184314
2.6190638584889023
2.0862362257570304
3.35490968922689
1.2523215532988932
1.7402151873313505
1.47551105568058
1.2766701718343338
2.263226477191407
2.4006923891982814
2.2794877986738267
1.9042069037191356
2.670889524032638
1.7380938038470892
2.0498854502137913
1.1737691642750547
2.646190171383568
2.79079869807286
0.7348275821344492
2.2877816089213883
2.539144363756104
2.363509041487586
2.3481823456134605
1.8609393139493517
1.6307650146087511
2.787819383449446
1.608839837953998
3.0714269847500737
2.0542973861427836
2.237673655809004
3.373189355136844
0.7275324190083499
1.6256496124777167
2.3964817210828646
2.461160287759904
1.8206226906859682
2.1484390911113618
1.9887671234457838
3.8044247180308672
1.7712827055633873
1.8854879258449306
2.426172652062375
2.0760621315055388
2.652523849358658
1.1234756678551359
1.6168187415987925
2.8180840540648617
2.591307291259986
2.51938982188196
2.728823531494782
2.1005921039485504
2.468178971952716
2.5203653151152228
2.9611973928894795
2.0086628956765904
2.4614688491241927
2.8309357638194643
1.2908006889464425
2.2349808686590893
2.2688338443709593
2.535011239028046
1.9411857538753414
2.3937721936287097
1.7235531404708146
2.333262991638052
1.3896855324939346
3.364939322899204
2.0446780073240878
1.4305718457812437
2.0534886941337
2.549066461266523
2.449644656398083
1.5343007546745957
1.754064272159307
1.9480708977929027
2.362829372157541
1.928394495135145
1.4299358728180505
2.0866235349085227
2.362820166381724
2.277574725554731
2.3348071964704213
1.9227725792488364
1.6883840083009893
2.2842772792464374
2.6285866921580037
2.39277792233535
2.0665318767487793
2.5328075978874875
2.4635387144682768
2.652833347566266
1.772830695006018
2.91480687370683
2.1616720445162607
2.080087455464778
2.5821682847759004
3.1922531902578957
1.141687329351052
2.9596657231399313
1.9710202355016058
2.0497021974677314
2.841330432774793
2.1489364341270387
3.0011694324217397
2.446585015970013
2.535345709245741
2.427899489567534
3.2024842791430568
2.5825203725789763
2.244818086827816
1.4718574039020487
2.6747552399151107
1.9048450039846287
2.351347874772843
2.516175555138094
1.6744646465500892
1.9757990058376353
1.5514844152068346
2.2966491290161826
1.9538268895842472
2.230473467807404
2.0563964398440535
1.1010074924505726
2.854006435994668
2.3579475570647674
2.115154723857862
2.5421849002258465
2.4844568479907285
2.3245841430101586
2.352663313730187
2.871151945213986
2.389709994746418
1.9985866578975842
3.3120358105170937
2.9348524683309685
1.97524503546531
2.295313516354216
2.009302437141755
1.9998789171385836
1.9213094981695473
1.6882840965701462
1.691779233562544
2.4280558833824943
1.6925692949409206
1.0911289782142497
2.361162567890252
1.2523203950690394
2.303852031355749
2.41059938929101
2.018761803384348
2.0652294113241005
2.314576914923761
1.8175586350790882
2.9184664642549074
2.138663262315207
2.776561711039536
2.5789255005511618
2.8071334099895093
2.317186336756914
0.9656970430066503
2.3600875497244624
2.90510812145676
1.128668272594895
3.77882410998248
1.6090249257517808
2.5242250148788563
1.7767093934156863
1.6250469454623124
1.792671642497463
1.7311348766935035
2.2289166026307936
1.910916750530533
1.3448777705872743
3.064449556889785
2.9905382023788754
1.9519762886277328
3.3664921624062427
2.1444285212346
2.0943235884277147
1.6913127810286823
1.803482057450414
1.5896503881837332
2.2268057527061322
2.285798467633006
2.5306920594081586
1.610964259660513
2.8772692419124883
2.2378539355324394
1.7446543172407878
3.191453519804264
2.521309750024976
2.202580861935284
1.6749457545654636
1.3039996831733813
2.3066520523254814
2.367075620470207
2.699735277125383
2.3259451721654525
2.728163917489969
1.700231626418109
2.7841704385986223
2.021160116765768
1.9245487310019334
1.9595684812234555
2.2846465288159035
2.020578325482189
2.1058312693127332
2.8536553279805723
1.7742962987193531
1.3039005205125918
1.722146434990073
1.384491371851776
2.1999107470530626
3.215939111045303
2.853738259980483
1.795650161262597
2.7356589678747096
2.3751272787571387
1.9043566534911538
2.470237638634605
1.8536678699369957
3.21276458586769
1.9826490558313596
2.753211727804136
2.0660000310232705
3.0841714729898353
2.263021193104954
1.9733954749758322
2.9774370611896614
2.7917210531526933
1.9648680213239154
3.117243508039396
2.759949649008991
1.4962909204006631
3.132886446370305
2.035921356905958
3.003271856317287
2.0531600161865238
2.239169767274245
2.096129910979084
1.3939648837402834
2.1770096579980076
2.1002638056073275
1.6923296813829445
3.1037971834062836
2.2544752357642213
1.5640438702218125
1.6406607460217124
2.4609281755815995
2.0647635572064766
1.2284920119324656
1.610561523560585
1.246082867374655
1.8097015475236893
2.5245501903121297
2.506345967376437
2.6055791592218243
1.9020694820713615
1.701495666520169
2.291928308469099
2.783870475671834
2.8529388585180957
2.6620181873836675
2.26576372720135
2.0081422516469445
1.8607138464751503
2.6825557211139412
2.1973884817864135
1.5134252690940366
1.4630571068059117
2.6970196757960476
1.9988900701155456
1.5697144624885322
3.269077666911732
2.200762671581393
1.7614910065507547
2.014206131407695
2.106215730189535
1.4354514594201468
1.5284300786025025
2.379942889464321
2.112595055141291
1.7459758080790435
2.199294255171955
2.3420371304636682
1.9205920337887135
1.8823105168218826
2.033157308588996
2.1587485864702054
2.517628875589465
1.980525165435764
2.1225791168869645
1.9088716306721525
2.847395323034132
2.221222800714576
2.409627801943493
2.0020040038211597
1.721304321581826
3.442348209028188
2.059894105590059
2.25185001590911
2.586462814460815
1.8923959978952787
2.829099878393361
2.2458581960135526
2.488749239274346
2.6883866748033225
2.819485891296848
2.953019016609915
2.8542665391469026
0.5399884797285148
1.5428498873369836
3.0614176205402663
2.052288116057429
3.4787183501310692
2.1288171583890723
2.1148143064531197
2.483596248486858
2.2481301877607542
2.6409570214175893
1.7070649510684337
1.7910118983203407
2.9652726427312057
2.6878791674524236
1.9986473325728407
1.2574728572991651
1.641236245320983
1.5488228926372318
2.9027922959546295
1.9976002487794577
2.567797415707043
2.4208811618119594
1.9237394643346264
2.330784034592395
1.489905357893007
2.8170766502494646
1.056471337097341
2.2949021338354982
2.4877618765682694
1.8710717208681749
1.303953113428049
1.2974441152480234
0.9782696032290833
2.4378209005207006
2.4983966286717925
1.5572668928532918
2.1989271885644044
2.5335263627179323
1.503668507889123
2.116284333240102
1.9263799938738702
1.4541082472564562
1.65581590607833
2.6290692640369544
1.9644889035814217
1.9743450518125718
2.4647164347501342
1.95130818806558
2.384998617228168
2.917653617817391
2.5979147366763686
2.0344318985607104
3.0028651086730704
2.583100554662934
1.506697993693795
2.026797365621041
1.7326437950303546
2.1898470675483086
2.696633779135554
2.4814212738859034
1.3050478911684484
2.431648011621961
1.1492067975989764
2.5501117464296366
2.0986104366607203
2.5867402189383757
1.316382163796045
2.738097784136519
2.760233911447019
2.48046347529135
3.2568638808165615
1.4298491417628678
2.610207857138534
2.949286113359449
2.4389481283738763
1.5570408056119602
1.9068928021331573
2.02803845550131
2.2311889983196056
2.3082047960965606
2.345766703726434
3.3886490325316014
1.9261168567245217
2.336947383855741
2.236363271667472
2.6482384299852817
2.013208805610875
1.6129916015000836
1.9749660066907537
2.717827018970993
1.9513391797987782
2.8909663687625713
1.4168922340432297
1.9828143847017952
2.4824107852413726
1.4544738842558205
2.708651810918722
1.0651992739179574
1.5423616902584403
1.9242585401789734
1.4487467435485728
1.620094908347337
2.321414867550568
2.7444946725530333
1.889280432885691
1.7575059191968132
1.3172418525684881
1.961905318674882
3.1738773931475843
1.6923250970358363
2.5658569743217288
2.0343199235809473
1.6516302921530306
1.8353865577955377
3.102967834577472
2.199017253645238
1.5709737501925074
2.444512503806875
4.229295891484421
2.5803634148650576
2.176394481801491
2.6176448589361097
2.3659517888526196
1.8259655874540834
