0.5764262369371532
0.5324221169993362
0.13494993312334688
0.7304613765471091
0.5947347333521938
0.7805629718620223
0.5324202947454898
0.4719705582208677
0.520631697338669
0.4431135653176806
0.5760435403168015
0.5159843507463597
0.4643827999616676
0.5521078165060284
0.5731646206276578
0.45101495951548864
0.5598985587964326
0.7969955616622904
0.41541715474914537
0.44695003924612003
0.5127098116916079
0.5824915061998791
0.6801961097108483
0.6753208798444564
0.5504487599336769
0.5756424915827639
0.4240226220529318
0.8494841077570614
0.5951024911575742
0.5237423361484278
0.4129735434524438
0.5004613810703001
0.4845429036001405
0.6971197528803567
0.7250957520964296
0.456435832553163
0.5865171056693036
0.6027548803199267
0.6898957595444921
0.4033667560900904
0.577084236717339
0.4458614803540222
0.5487892810303082
0.4814578799197107
0.7342580561867048
0.5103651558847931
0.5624615478223948
0.4005504361344743
0.5340967626721044
0.5321263200521389
0.46256749355860943
0.8959800584428574
0.6411799651963458
0.3511283872302107
0.49047114866582925
0.5017522542983913
0.46815831887787507
0.5449529833160404
0.7484568770036405
0.6783664326841029
0.7018552333066505
0.5557330078565427
0.5998614369361699
0.47484619943458
0.4052860409611483
0.5415371056810304
1.134680181024404
0.5262148889709515
0.5216067929002361
1.2201251226624628
0.686184511901682
0.45919433010144345
0.5958319951684372
0.4513266173562592
0.5335905185407201
0.5250464427737312
0.4325608218864061
0.43496323218570737
0.5289227350241642
0.5837733813051119
0.4650601198859845
0.4996317584932797
0.522036696137499
0.6155044924919766
0.6754161052604043
0.5486203682151639
0.3970434205394726
0.5703136742368051
0.5845179448000505
0.5837889806073664
0.5662096891016594
0.9936704199959144
0.6530057160617364
0.5091953478002792
0.4890058998335147
0.5164036735317484
0.7693532603211715
0.6495637920531584
0.470788936064027
0.6429066169297822
0.6148515073261396
0.4839394794517413
0.8511974815940121
0.49539021970901254
0.4770429144067492
0.5235830304083569
0.5527378299870975
1.0961152549114872
0.592545396983346
0.5484945683991724
0.5927546199765654
0.4723011543865094
0.5711703896923704
0.7751590617334699
0.48781062451377744
0.7241680660942622
0.609891377742508
0.4688426208110436
0.4827415158135952
0.49923002886408474
0.4890042950429471
0.4823999815339988
0.5255539877591877
0.7222455528961135
0.5810376133696403
0.7774404461518948
0.43762934769687994
0.7629813630421682
0.5187823763052132
0.47863961092512025
0.5684652713761008
0.5167550016433416
0.6744341459078185
0.5650067543527817
0.5065086796238275
0.44345533436357437
0.8113078636342523
0.5447695280221563
0.5938952440870007
0.48081601773933197
0.4337202962184479
0.7236943248300397
0.5267441389984917
0.4915433806850115
0.6257611980090397
0.5589229293894667
0.5542502840610285
0.4970706616602461
0.47313412143385336
0.5211191493390823
0.4838993597975456
0.6709312500457795
0.6027258856263561
0.38127779837183523
0.47740249057937323
0.4093188161360672
0.6183191456529619
0.5905830888119894
0.3527964941001475
0.5667497970418979
0.742799331346962
0.5856996722937634
0.4887331713470251
0.5100118878447603
0.6284262451970082
0.4644232589347282
0.6647964395663732
0.5022649409224248
0.6264404568435128
0.5995087250834438
0.7073561870828541
0.4668970106414039
0.46126293368995236
0.6303961941104583
0.600801801710584
0.3597553040567401
0.7373872606298916
0.8927726524296616
0.42245260042218086
0.45388395987131136
0.7700820680755283
0.6655520618795008
0.5171799552900022
0.42258883327621977
0.3775301327195217
0.5394305636113003
0.5217995821896103
0.4844603688829614
0.5797497219374367
0.4707949938352467
0.47314667141861455
0.4403884835764433
0.4767713298478078
0.4857225885079688
0.5572182249668066
0.52021221191335
0.5788607155690135
0.5325727599408422
0.4688131412511391
0.47559236107253633
0.5287372924811465
0.5548557116531928
1.020792062188978
0.6300901436214794
0.542330169008746
0.7834057948485733
0.44521366217149727
0.5174091890172852
0.5608287500354268
0.5634262850860722
0.40924092307078364
0.7567299829153304
0.5880281276274394
0.4669380017211216
0.5741529976235756
0.5020690682390118
0.5021356037512849
0.5666731433991352
0.5956081648694763
0.4978526238124734
0.8581366143329962
0.5757470256230589
0.6472811845359888
1.037946828457325
0.41490962161018535
0.5629146296008214
0.6139356899985902
0.6646045794144962
0.5495529056424073
0.7758419683161578
0.5160581638881908
0.6512209514352837
0.5500047182247757
0.649730145943555
0.4851555369236283
0.946162766446878
0.5989973141147651
0.40391992839644425
0.5895172386490437
0.4462830918975283
1.2002871746429407
0.7427211679729956
0.5269700345465745
0.7026706568221801
0.6573741994921415
0.7682615295325671
0.4320200855710192
0.5512851616032882
0.5027847005074216
0.634652680949969
0.4314384056191684
0.5551738886473431
0.48181828086679895
0.47180146597451916
0.5989788925184562
0.4278816795035894
0.6682504607513123
0.36788867249411233
0.45522574483503725
0.3921866520825437
0.443881955131778
0.773477913334926
0.4830905250141599
0.8972554907231617
0.5957390092824378
0.8102518064841405
0.35470831756003984
0.5078809224273635
0.6802769953769118
0.4578589997666644
0.6079138208940005
0.6065406182180565
0.6866482780540918
0.5624472977101205
0.7077209242298442
0.5222256460173434
0.3745624370606932
0.6212436378596254
0.6108117526744176
0.6301254762573113
0.5650998255594678
0.9786334223280551
0.6046869912257677
0.6619805702805114
0.45421484386715316
0.8585564369694398
0.4560294143529575
0.5165702847245756
0.5572863058931755
0.6193813965636138
0.5428847066446727
0.7248677214882878
0.5608669350070855
0.7820536328950891
0.4722734939229161
0.5366162246288599
0.6251722995507819
0.7206124901506997
0.4670938072326762
0.4478938183161148
0.464483670010649
0.41080313819986175
0.44990385210033895
0.47697252426955655
0.43305191405234594
0.5992531617171303
0.9873865482321026
0.45195168435851113
0.8732164987063449
0.37938736954239777
0.49346175137504283
0.6418325554583183
0.9737854122348718
0.6311439980491437
0.44354595552489995
0.5417039765461663
0.43232518211508175
0.5326989820622479
0.5835383282979186
0.5883329480000332
0.6059430481163642
0.7674582745856089
0.44377945822916726
0.45313649666557126
0.5915694932481498
0.44833511250677494
0.490578442428468
0.40696241354866786
0.7591773582977378
0.492965542265583
0.5840988344169367
0.3060415028361623
1.0669395777961581
0.5107706870190668
0.45957432114740326
0.613666836747632
0.5518803091340606
0.48050525279265344
0.45902776646477905
0.5154712556029751
0.6202521501409209
0.579121482447947
0.8780969520167211
0.4411057421382598
0.6563690125763774
0.9750261907269522
0.6208939677927204
0.5868477839384147
0.62662409957395
0.5547937997186464
0.5026037494998298
0.47262070861279026
0.3924661678851043
0.6415148438213888
0.4773138439924611
0.5848935324519544
0.7143929676632034
0.8851863158056053
0.8787749425434622
0.49000547845803993
0.48498085178082206
0.5470453926000588
0.703516352107615
0.5987401828558557
0.622155103424256
0.6110316329579923
0.5735186481301889
0.5779353245709097
0.6343450696055375
0.5663508323026286
0.4937497720611292
0.8138105147017215
0.7611110455454654
0.4714868745101773
0.5921078316054688
0.49899267875775016
0.465922759054257
0.4880241799096358
0.459620305106875
0.6008213144286988
0.5460127249000228
0.8972708221780611
0.6304240894199268
0.5370761582633714
0.5177335245716943
0.5823568729051459
0.5727166846649127
0.8874103914472338
0.6035865526670547
0.5362236832254312
0.5448451560239947
0.8200019139829718
0.5572786912816993
1.0598138559543882
0.5027647628018173
0.6766846592863548
0.5410271754760182
0.650598625970498
0.3984480919572086
0.5274124407319386
0.6481303732307749
0.5843166468104934
0.5034652466865984
0.5341586459035628
0.5789952210625225
0.8018270943118627
0.5016469721387373
0.5274657034245106
0.4250970969270948
0.6267751830072769
0.33520271881497393
0.5681011604006866
0.45684251636359763
0.4074052635359813
0.5665785460802836
0.4571040580756409
0.73360390296653
0.6062808687125375
0.5993313767026973
0.46814596682521376
0.5263060622805454
0.48151558857172966
0.6835522395305474
0.6342358768694774
0.5487317602041619
0.4611069897507816
0.4459714733915919
0.4695155119734751
0.5023518252469348
0.5629204165673379
0.7401360063941728
0.7154770084627405
0.655576987218813
0.667715171066667
1.1096261065575785
0.6668728223415264
0.5132211672632756
0.460219959332699
0.4652722695830443
0.4050854139796092
0.4841387840309768
0.6867516486970237
0.40523270278027645
0.5995808163895567
0.39477802870162143
0.5231459211220338
0.6669545322621847
0.506218459683652
0.5766479705617433
0.4273164174403503
0.6527924344293922
0.6070974240340917
0.4616678380227685
0.49384833964866454
0.749514161219185
0.48959704494379724
0.7977932890087316
0.5000526662526749
0.5486910623333242
0.5634810334948296
0.8899402785522557
0.4592630848832618
0.5178295652772736
0.7301391730026588
0.5141817279235652
0.8800123797152212
0.5285533684838469
0.5247849061817091
0.8101759421146797
0.5341697795284315
0.40974803338418053
0.5601379148757993
0.5170382371613221
0.441077672011817
0.5626649586854883
0.5912801527378856
0.33444224194745004
0.5084857339232967
0.5028597089717095
0.7715178310648013
0.4929715142114038
0.5708851371751125
0.3895628713481141
0.6007114624482323
0.707125663932222
0.6661860664043061
0.40787929490787905
0.4712759378488966
0.4118546462977972
0.5377118284978845
0.599469560855224
0.5002403416913477
0.502410683925976
0.5186745896385394
0.6245272753755599
0.9620583190815036
0.4705780292408288
0.587240093122387
0.6291607001973658
0.7741598287659729
0.48958910362789454
0.5912485363138283
0.5100575599832572
0.4052824650454307
0.5109171885402696
0.5688943205107695
0.7254632230890392
0.42690447346313026
0.4353614160534353
0.4793800258022753
0.4669420387960672
0.7174928362744596
