0.6859157277601139
0.3149285595947575
0.4809086535541152
1.2564376381067512
1.1974659399819714
0.18465677157080582
0.746941833142737
0.40885127603919
0.3688871277683898
0.4597017057724311
0.7389727102080799
1.2741247329239802
0.18938688962928987
0.4569886232949056
0.08842564894742806
0.46702876671859944
0.524707993724859
0.5808125680487737
0.48503430714347645
0.2705379274419038
0.2626612457125739
0.4328915511938057
0.8239399628986966
0.8664591277542155
0.648971497193607
0.5297394362481315
2.462915756320872
0.011198442158340547
0.3149685738653017
-0.05589310920597074
0.9872029779708864
1.0909212695886128
0.42705987157100317
0.15016450937871334
0.41745066879881704
0.29800201820190714
0.9048353530471255
0.1466125728115476
0.8166194229837741
0.7530300026667119
0.8065549397099542
1.6448990418242901
0.42088854139832793
0.9388557291465515
0.8202521905647168
0.33877334053684555
1.7647451001042975
1.043018472063845
0.17402057473134103
1.0354614480204052
0.7564694303073566
0.6534702000267134
0.490453388736724
0.1956199972537834
0.9684345453730044
0.45066198663277035
-0.006658867184172172
0.20766347582692823
0.4114073234140459
0.7941542128060095
0.6359905825334623
0.7460301761160605
0.6997807656272191
0.7475881828982299
0.10134595703362799
0.602435827452231
0.278636728750473
1.1994382761379876
0.5343202902473515
0.34312115567760193
-0.06462677102090575
0.8101229068308156
0.4857372745058248
0.2660026854298004
0.4709649129649207
0.7775970304715177
-0.13273272411245285
0.44516784839794293
0.9049560458733712
0.5907061537065524
-0.1326374889674686
0.8857301534871892
0.6076111915671835
0.5028526629379902
0.45908241424315716
0.6189057569855917
0.3682167815743289
0.36688668795602997
0.019406988754008925
-0.3480128965831693
0.027367487178299205
0.32939840571578394
-0.10650100120629809
0.3489459329161749
0.6374033171271862
0.7834036271606025
0.39441899247771955
1.230602913454183
1.0711871177649857
0.5617931594475469
0.08645723925904802
0.5338959742256075
0.2866268154786115
1.1606426463597694
0.2584025008021838
1.6253245940305188
0.29408778471274627
0.3195720563738669
0.7687307979613158
0.7122646908975042
0.17260042899855868
0.5760883168318123
0.5788613021845096
0.7303004402093077
0.8811716942297881
0.9837670680784264
0.6120829634262436
0.1322727976216609
1.2837972546214684
0.4754092254775464
1.028562779537585
0.15813493103665113
0.3757407743691134
0.14655635948235732
0.8238521900271353
0.775381356809873
0.9382446067123538
-0.18245097708205193
0.24055334118100247
1.021579244988664
0.6999758395373897
0.3158746870734574
-0.267408477930234
0.34966883257268705
1.141530062970003
0.7979887489791095
0.9144727473365677
0.430752054589929
1.1043150834583761
0.7755880766212805
0.11991602413367804
0.3019046654114372
0.8563820288009447
0.5782854436649217
0.6397010399636155
0.7318197332022062
0.5564425256077239
1.1166051202825555
1.6175377631456058
0.6323969402942144
0.8049149097141876
-0.426100948579907
0.5149792360560678
0.7828895340558097
0.7604007699999437
0.5464366305763623
0.7289355117534528
1.5630299893246233
0.4583643052360547
1.4653961094292915
-0.2568257066175844
0.9550543124041896
0.8972879468717752
-0.09603918208548053
0.9788282951270323
1.027849523827933
0.7134541621349748
0.3102781583540231
0.2151316747813855
0.5702519431327026
0.5182904067636039
0.16721615621404484
0.8355700647209052
-0.6311188874068429
0.5059495373367264
0.8298982807568284
0.7812109011755578
0.24996243746302096
1.047625113581666
0.040020837489386424
0.15855272258196135
-0.0698886470814315
0.29427508825669246
1.0469958254934928
0.8468503447329062
0.18489614417816932
0.059853896359157666
1.0158067969050082
-0.1752915385536272
0.9114523929985893
-0.04606631627706944
0.8387944682893395
0.2636663448986068
0.32961612167828597
0.9255795308483622
0.6100683325968123
0.5335669429548925
-0.9524758137553797
0.3378037726250585
-0.07514960229542661
0.9312575687704298
0.6554734988945898
0.6002366656028822
0.9873657284778733
0.4738049701642895
0.9522551520189344
0.182464191741692
0.44207845895805803
0.7406432876239691
0.4591018371283629
0.6046864950168644
0.5364934536211695
0.10303631469765674
0.38461600134923163
0.7616770069318131
0.3609598097851528
0.06746519293283909
0.37834972374280346
0.5984162320355637
0.32006393257732213
1.4082644747548276
0.4673272331117629
-0.08540876845705281
-0.15168442264153237
0.16815025194472574
0.41097761991368564
1.548053682323957
0.04631738452750959
1.3430737480581671
0.9309852953755935
-0.32254441615747426
0.3849636806523444
0.8082684181059592
0.3953417170656593
0.5413653832284043
0.758617274502265
1.01722347371729
0.1758508417347419
0.5827078863364656
-0.013181156652241658
0.5425406234111945
0.4130307858218638
0.5867287750435902
0.5511073958822992
0.4346682184150046
0.3386797496929029
0.21380474966706034
0.18476476607917694
0.42132930127637924
1.1073693996375846
1.0188984979707394
0.02088775740924506
0.7127435351544058
0.4028690591465034
0.38299420634970455
0.23312544867990503
1.0969796060724528
0.8364724454495112
0.5268594720049954
0.46146243366252837
0.6431438062869347
0.6566466050905065
1.0562864101115024
0.3356707879763004
0.7740303740046733
0.5877085020417588
0.37787332471192725
0.352189150056778
0.6891490635746425
0.8888811158462032
0.5221025347716347
0.32221011355170853
0.3479716935230582
0.5615618913744079
0.9393806881439399
0.5692472208060507
0.6268618763479102
0.8278925217659863
0.20800971755663622
0.4979077559767991
0.3098836328168925
0.3296291977138451
0.1542797605509475
0.24353065391560927
0.5253475085829452
0.6620681556345381
1.1200260463145815
0.5737288965379845
0.6037802312016999
0.8716426317912367
0.9358621368812897
0.8373495477110993
2.0573411208427452
0.4393020373134171
1.2430405999738816
1.0701125622873995
0.5397047038577364
0.5427705885365283
0.09034832842346725
0.9791219755897175
0.48350273398398835
0.7244727193861485
0.5680568460520354
0.7986563069845664
-0.6087680279202683
0.6994507533824779
0.47710098575440557
0.11438371947804189
0.2232350086699685
0.3558695159740992
0.392049736922408
0.26319328241059026
0.5901488703453625
1.3226423140847399
0.41630138380162096
0.8225942669122522
1.22804433024404
0.2436918362057331
0.2071232063264035
0.5528939320614342
1.024852147186331
0.7142924662406812
0.44348885022880835
1.3584540118842454
0.5901254516132227
0.5336009613759729
0.561267537084623
0.12583831421136
0.9627923851246978
0.3583247290018637
0.5118496420095301
0.7179437115192031
0.5211222170858999
0.10938681574470151
0.6022351792906568
0.262776699210349
0.0768393328159654
0.521483276850447
0.8838510332669861
0.5330332030770627
1.2878773939350465
1.155544055676436
0.17853330002671486
0.5230629345299593
0.4687870559675456
1.1147823732333693
0.7674754114468795
0.5639707558912174
1.1103325416892111
0.3833867438134002
1.1068097988575591
1.0507099364694108
0.7567657293864416
0.3943567173047149
0.4396349243844944
-0.22753681542919346
0.7017277134446531
1.0017599617486403
0.6811555557268086
0.943684205553883
0.42442584982071413
0.5782425505285301
0.9309720631512034
-0.10199580647331974
0.32726226019037735
0.7664827961746153
0.6554548589190423
0.9923464741764784
0.4307810370746516
0.3633151638115999
0.7860078781281881
0.6054515128903645
0.4594120097123044
0.9598709769720261
0.9033459159849867
0.6593891045131249
0.1811883790439892
0.89442990653994
0.81424841127394
1.326643955192367
1.0541352666720873
0.7056076731148143
0.13472719067216976
0.7174295614152721
0.8408622493830081
0.7465229472482755
0.9305671445793569
0.440053084501546
0.7725841100785632
0.7839570550869627
0.8087579380976857
1.279881613671601
0.41684996385116485
0.5677634937178321
0.43479401864705025
0.048751146101052543
-0.2378606916582167
0.6734471304084287
0.24591856503337706
0.6645878158546021
1.0592409194068952
0.6007830194692537
1.1187035615829601
0.9789791680749828
0.14893653437399143
0.00024760030367074193
0.7176669250262869
0.5467624258789724
1.1476998377720133
0.8003858526772049
0.6865166499081434
0.3254855630124434
0.3496409959515296
0.835845667436795
0.8828821545732962
0.49683164890789594
0.5111053458210179
0.4763194042849712
0.05108178966679391
-0.09890903220243762
0.6956693100116406
0.7060347620546166
0.3472585634205911
0.4602516410810921
0.7731887053166527
0.3121206081458015
0.598283018783322
0.5524707775140139
0.7816345322461218
0.25158371043667827
0.274255412733702
0.8305615439142726
0.5882875597471062
0.24210708703473335
0.31811638430612904
0.163675998542311
0.6537172785573464
0.9023100753938045
0.35828967240029624
0.4230137506082654
0.42510362584903044
0.7695880272052604
0.09664098127581233
0.4132605117715448
0.7946031854975136
1.045123524603688
0.5518320257816773
0.3519926150471198
0.5039607980155077
0.15862305165389923
0.0880070357180693
0.4891760334903661
0.31499770693774254
1.2794016043710956
0.3655778717461946
0.7107670893424703
-0.06824737699790061
0.6246049335843459
0.9316264815888126
0.23287573313813378
0.3436754777881142
0.43023326351265617
0.7054644986437465
0.844104962898442
1.2362778832375152
0.2834859886631311
0.5438319597607542
0.5070837206420583
0.022090525771376223
1.1620202526169006
0.538492488870743
0.7184606595671418
0.7430680091913043
0.6369419595160438
0.6363381104751872
1.0044658519223615
0.16773266910395243
0.07504493195544
1.6056398254232274
1.0273386944146543
0.6713847122003974
0.27987676362905645
0.8116551491192453
0.5648287898567736
0.2252839405494292
1.1537063868089386
0.496992634890248
-0.11516399408720412
0.14200018871592682
1.1816120136926187
0.36476760898027516
0.6537800952662938
0.5147855311583425
0.9333049282248244
0.3180561043046174
-0.273468735907874
0.7528728008632788
1.145601917967176
0.2256994700313757
0.876993707341608
0.5820616449999356
0.3252603994193782
1.3672903776663021
0.2361583057924578
1.5698660125472559
-0.07139283726636929
0.2718237310622484
1.5490649576760722
0.6081987996017298
0.393302453087617
0.446437248438361
0.6970517186749725
