0.8948158057273741
0.6768035039250474
0.6896634050220185
0.8678807745517406
0.7006273297107928
0.04568289437196885
0.8566664507042554
0.9802078019009469
0.6775588302735641
0.859152413438736
0.08657325056154368
0.457707862039664
0.6695189251212108
0.452519901643955
0.2642969648282052
0.1156726915862026
0.776471034666162
0.41474213371277124
0.832970066589923
0.10862447007440473
0.19433233130035102
0.6944690787161485
0.9317177891989923
-0.033310931523149706
0.5230279121453052
0.19761339695995828
0.48220869229567764
0.32625387010800855
0.48551304977789317
0.1764237375654536
0.4947438435388695
0.5599566472261741
0.9461485677230232
0.040123649565517776
0.7101559603672651
0.5067777673961817
0.22268659012261563
1.295922369643522
1.4916203392550038
0.8815937587632234
0.7371947849135109
-0.11223035758154638
1.0877023840635822
0.22786239157900187
0.5792952931676497
0.347571138678102
0.24583915557099079
0.42835720607337086
0.8824203998726992
0.487389872975569
1.678253573684852
0.38003600368771995
0.09499137063402596
0.76159037284897
0.03040756949139158
0.5996102057130953
0.8017742714750753
0.9609702256775289
1.1429244599281847
0.9994063107303918
0.5254904310101585
0.35291826798505505
0.27444123602493986
0.7510494253828276
-0.15364295892765192
0.47483284615903515
-0.33931495223850133
-0.12337326400397584
0.42001084952446877
0.7867979214193732
0.7234467410786425
0.49076672405079863
0.2521112453101258
0.613452763164112
0.6342024118452659
0.4983041352032003
0.729155549018872
1.4224463460594474
0.18069729840891846
0.23629357079256133
0.9947460103217528
0.607213213818311
1.0428203307256523
0.6450140285601424
0.593315432437831
0.29006217521371996
1.250536726277434
0.614901895433375
1.027771561443074
1.2721856064294907
0.03836832314648445
0.5734016937246486
0.27597165748713537
0.9695009551084758
0.8599394111271218
0.24583325353058863
0.9506123103107059
0.5581291043158617
0.5421014490055667
0.3995152606806898
0.7241824472399531
0.8799572202624691
1.0178322068365953
0.40953716798766404
1.4742273979344265
1.0082751307606157
-0.12837840391109775
0.005476024620123208
-0.014411844306458801
1.7650630754853276
0.15879315308243752
0.33231152433887506
-9.483605582036546e-05
-0.19446516119250626
0.6744762559097661
-0.01126122315091995
0.2950929620042432
0.29718793566358676
0.4483243027534422
-0.21216209668299804
0.9061482268221882
1.3758035417295753
0.9222041744841265
0.6318546315053647
0.504073138384212
1.0189847475777611
0.7245217839048519
0.18778302484964918
1.3324237504490495
0.46531990978655874
-0.12546430654289145
0.8689185482032796
0.2952465761231225
0.522962200908856
1.0048916304936177
-0.07831691726998517
0.7727377934746844
0.7718282279166123
0.5239867501490666
0.9194314247414016
0.20608921339004685
0.9966896601889456
0.7449067905651279
1.007302079214808
0.7892292547850784
0.5698793333796957
1.3347260362613131
0.12569895013190904
1.2462397888873213
0.765375649895097
0.03348729678045148
1.0590874176509855
-0.41328872904319996
0.5614972127635801
0.6802307589282811
-0.301680762810102
0.1721339362431443
-0.16020446696266077
-0.32429105430973965
0.9933390682457467
-0.18849614101139356
0.2944295875947838
-0.4262474601706356
0.3801637446119647
0.2232760603302544
0.7733665906424848
0.31383760176974945
1.0238975836655753
0.20057569515750587
0.456169052051741
0.13162225496723298
0.48338712659218613
0.6041341457271923
0.5591045316090242
0.3038591854289647
0.44923520053819743
0.20719073197766882
-0.21824658885037382
0.5912969333868118
0.3815917069101695
0.3492893481744402
0.7102248410587375
0.3515711283404457
1.1229894260239195
0.35719966384072105
0.5633258390204269
0.2621100207554257
0.911910363977228
1.0527499077344225
0.6719384300615854
0.6116952160446175
0.8584190543483796
0.6463071083646753
0.9178431705823455
0.7465985390876412
0.5919697396149702
0.5551231808377627
0.7881427153844033
0.00991345478723904
1.2488141303449845
0.10024002856615459
0.6301201821292646
1.0514353151838385
0.5199613823858715
0.1805616066066161
0.3656352867648762
0.5712902142997526
0.26862385782977943
0.841008491693958
0.8332868342301561
0.409428041597457
0.5591114356170316
0.5921432212246976
0.29485560918035253
0.31072325284736785
0.594553545337747
0.09232033665738588
0.7690123586719468
0.6940501931756321
0.8145677853441059
0.40615836717958514
0.8154330720299717
0.9126840008114758
0.536386019902706
-0.048655561133401644
0.5706998155694863
0.24133758775868497
0.34487890314886455
0.16757930613550612
-0.24448246254545966
0.5358855342624346
1.1846001945700897
0.15479095644945648
0.8034151207358441
0.7163665047322243
0.5684529441896825
0.2848283880122278
0.05077667239323665
-0.04136511321176182
0.18275993033523172
-0.16162487895877553
1.0859034386951496
0.4407583157782115
1.1250458324816475
0.26730865889934424
0.043656529038581936
-0.26624544619551427
0.5275218420041146
1.2625958431203153
1.1407971748699692
-0.010861877275632889
1.2802931675264906
0.9863886296460165
0.06061887008536449
-0.7208095137576613
-0.02501497519544398
0.6290264388640449
0.4756460422917712
0.14131796252644782
0.5219572717465426
0.663520618362411
0.32875146909164427
0.049988533333098294
0.7776416745416567
0.45707555410331846
-0.03602792087491208
0.9576681230717415
0.08583102234413599
0.3129251539663516
0.6929788643887876
0.9756670805314657
-0.16031964974410046
1.099546494137105
1.5120296164378424
0.37172694904280945
0.34927195568737895
0.6960491877706888
0.4646092645241322
0.6857305516154487
0.30361911956042825
0.3376033686228303
0.7851399787261982
0.39254034185453124
0.12721219358127292
0.1599712235406103
0.779520600541349
0.3445907612498827
0.3326732814404738
0.7664529868847163
0.5655975641683596
-0.43361456196513104
0.5106000669397349
0.6557773258039086
0.6585020638493744
-0.11917150726930749
-0.09752414234916373
0.9143172062371815
0.2984761914514767
0.8310473455122153
0.5488528464773968
1.2927494324905162
0.023297412592905447
0.16410797118839293
-0.4517949266327308
1.1066301760626314
0.31981031048703934
0.3888018670852844
0.3188156960714649
0.01531789891843019
0.6861689002569281
0.5158452457779862
0.4406343566809765
0.5915833490384147
0.5045722812516114
0.6579799203171043
-0.025651859537544414
0.9065828289491438
0.354033461611097
1.123865541542582
1.359132592096665
-0.20105277485165943
0.9885284904491897
0.9815580328013317
0.8015418291562396
0.3673850298875958
0.35992902488544914
1.104461749802504
-0.46512369276178284
0.26089351459253274
-0.08345015283122632
0.5951144942711563
0.8882091233480672
0.23127650073906844
0.697408387056004
0.317195147635571
0.4845769516210645
0.7455694708967417
0.4168495747584248
1.358802847063097
0.5217602328512525
0.28346697988993214
0.5192758801102417
1.0105281755482214
0.6795443854637732
0.6151195688314312
0.016302510810595066
1.616414748713331
0.37765977768733516
0.5162241170971974
1.716378905495147
1.0356940906006817
0.2508783359701476
0.5336687736385177
-0.43287920023444726
0.13904451148532626
0.9398707974755411
0.6190168712777498
0.4716992735876702
0.3513582711540975
1.1380963765100187
0.6597433310276354
0.5573564516742538
0.8636306330759216
0.6672928955661704
1.1078923842617263
0.02596662727553332
0.6367839472349087
0.7812701201498764
0.4544317646795702
-0.10809771972716797
0.4440709743196061
1.0379353709803698
0.9105094116919642
0.6018210548437798
0.9719090459220904
0.5056747906017541
0.676047669890064
0.18648786866233458
0.689695908521312
1.6941542654956363
0.23785940939464623
0.8036072298817064
0.2445986236812475
0.7781059146110302
0.5027951532817369
1.42433028686154
0.1436879870128692
0.5689848485210526
0.43396997758191397
0.4129083539450846
0.7332754759963934
0.3649882312059857
1.0409734081778537
0.4780113430834379
1.1288792708185789
0.914889156320494
0.5340869136381154
-0.162065593606488
0.1338989030024401
0.20912262107523016
0.2898772523272039
0.09082311290491878
0.8648064409552729
1.1405931599240724
1.1457839798853726
0.5530197723851542
0.7926949537657172
1.286232409468484
0.6612823124430296
0.43202644516913885
-0.2000927240570399
1.9111608300937577
1.0302342660262267
1.160755687464211
0.4670443851217046
0.4655605083853042
0.36703116004586095
0.4917499229304226
0.15318455430877162
1.0813043536621685
0.4116315932628905
0.6181982082826463
0.3752762763291657
0.7365369158470559
0.3494760116702917
0.2699933864644389
1.1177197633288145
0.13736516802932233
0.8144732077947442
0.4954551177268791
0.49561386112927347
1.3127325524692106
0.7659173219256062
0.06607858967703595
0.5967316674631263
0.6374127004641819
0.4621455550374707
0.561044014424097
1.816787897942408
0.7551233970887674
1.1305658141189594
0.4354777065221867
0.4580521807486619
0.4352417770776616
0.11799530230116258
0.7653412629390047
0.6425941715954564
0.13175903365919114
0.7971813663093364
1.4544964823937534
0.5680181796744436
0.4351887195585604
0.41386790315526206
0.7480482897343923
0.4710613731678371
0.8380404602161518
0.9049237258008457
0.6015128030475844
0.0060336400420149166
0.7831682433476835
0.48887167430476247
0.06272236958195271
0.6359399167101568
-0.1735886679131173
0.7790485680066718
1.1086046175409245
-0.11053216194842862
0.016870870128239967
0.44837088310887113
1.2415504623241593
0.37549359007637767
0.555264994025994
0.731746690270909
0.4780931172329954
0.897225841090901
1.0311356130951956
0.4217409887463203
0.8046008979888163
0.8411972415170994
0.3199273403187853
1.2299264795020204
0.06955862640928483
0.7931191944823076
1.3021279253797815
0.43974172651423565
0.7931998457865027
0.47457527565753344
0.5617996132555083
0.5615521734415037
0.8075522522524161
0.5387457790260353
0.3658085464042958
0.6331869120812278
0.31231707775890466
0.43953181841711525
-0.16312775434750312
0.28507748547341843
0.32922657902334046
0.5272992928271478
0.7745044639391058
1.2662556766288178
0.2144739679883797
0.3865057355160391
1.0126482818777294
1.0180815413563709
0.5358454083564752
0.8064630743939443
0.41287260252722935
1.7790641606857183
0.5209735132470552
1.0585248705061867
1.2283626615696244
