1.06132994280213 0.001 0.001
-0.4361653947809072 0.001 0.001
1.1269494179194506 0.001 0.001
0.3503535025211871 0.001 0.001
7.7987678194501955 0.001 0.001
5.478922608452887 0.001 0.001
3.2770946493187716 0.001 0.001
5.435963729059833 0.001 0.001
3.107182333243537 0.001 0.001
4.061644348092424 0.001 0.001
4.084120677355965 0.001 0.001
4.472514967997231 0.001 0.001
3.4727676321639915 0.001 0.001
6.601577843895657 0.001 0.001
2.4510728650484794 0.001 0.001
3.567590567409933 0.001 0.001
2.7059868171112273 0.001 0.001
3.9426129354584365 0.001 0.001
1.236720374629661 0.001 0.001
4.9062523534335645 0.001 0.001
2.2584238281416575 0.001 0.001
4.708228870861743 0.001 0.001
2.940153623948179 0.001 0.001
0.7567468520190008 0.001 0.001
4.2683533392661905 0.001 0.001
7.198284593346597 0.001 0.001
3.8880605284638325 0.001 0.001
3.9984731336396084 0.001 0.001
6.8370347862202685 0.001 0.001
3.0817038275968414 0.001 0.001
1.1575372750356008 0.001 0.001
2.18482101660945 0.001 0.001
2.4559074739638835 0.001 0.001
5.545927074802201 0.001 0.001
2.4382369127361945 0.001 0.001
3.589400885306017 0.001 0.001
8.269257479035758 0.001 0.001
2.840506271830165 0.001 0.001
2.5413255892535753 0.001 0.001
5.76058836168761 0.001 0.001
4.596645875383544 0.001 0.001
5.028627252171074 0.001 0.001
2.0537453398278775 0.001 0.001
1.520307370542148 0.001 0.001
2.5691888614863316 0.001 0.001
3.870365262752639 0.001 0.001
5.036909980483675 0.001 0.001
0.4392062129504333 0.001 0.001
1.953056578428822 0.001 0.001
5.12254184271057 0.001 0.001
1.6105347561312195 0.001 0.001
0.11454050599336234 0.001 0.001
4.293327221975424 0.001 0.001
1.4495726059399316 0.001 0.001
3.7956003701491916 0.001 0.001
1.437501844656916 0.001 0.001
4.084456255892214 0.001 0.001
7.598775157505494 0.001 0.001
4.20260083267016 0.001 0.001
2.4096207003940973 0.001 0.001
2.8153241011044723 0.001 0.001
-0.8830117169184613 0.001 0.001
2.7461293731453207 0.001 0.001
1.9624797888685916 0.001 0.001
2.4443023203957117 0.001 0.001
-1.3974563999990088 0.001 0.001
1.5717240574541016 0.001 0.001
0.3087983403056181 0.001 0.001
-2.5408714895834144 0.001 0.001
-1.4112035028197296 0.001 0.001
-1.3559912068368474 0.001 0.001
1.4102451617877805 0.001 0.001
-0.564376002956334 0.001 0.001
0.321356058638497 0.001 0.001
-1.4783127042987907 0.001 0.001
1.843055220895302 0.001 0.001
-0.19492312998311204 0.001 0.001
0.5035503319583008 0.001 0.001
1.6521314295321454 0.001 0.001
0.46482210093124166 0.001 0.001
-1.0691688156050783 0.001 0.001
-0.575124151975898 0.001 0.001
0.06321252487964403 0.001 0.001
1.9033058105400311 0.001 0.001
-1.2534832597367631 0.001 0.001
1.364288651144239 0.001 0.001
1.1523360221894705 0.001 0.001
-2.064116115505628 0.001 0.001
-0.39477579359594656 0.001 0.001
-0.9478447314268209 0.001 0.001
-0.8032287112794493 0.001 0.001
-0.9239588160127873 0.001 0.001
0.7513208350857555 0.001 0.001
-1.1708121800832565 0.001 0.001
-0.5161722549285367 0.001 0.001
1.2674952865984304 0.001 0.001
-1.3526288439609966 0.001 0.001
-0.22924143331153113 0.001 0.001
-1.011242764424409 0.001 0.001
0.5196935708803101 0.001 0.001
-2.177148777890211 0.001 0.001
-0.48833316430521795 0.001 0.001
-0.21240831541336114 0.001 0.001
1.3371776167539153 0.001 0.001
0.6485879911720034 0.001 0.001
0.056544147023614134 0.001 0.001
-0.27679805342901415 0.001 0.001
-0.7282917279111315 0.001 0.001
-0.12720472911158784 0.001 0.001
2.3008525926841292 0.001 0.001
0.7397975209414257 0.001 0.001
-2.774301822406033 0.001 0.001
0.9011867140590514 0.001 0.001
-0.18627444197432394 0.001 0.001
0.6478802071909722 0.001 0.001
2.099339710133013 0.001 0.001
0.760641576147106 0.001 0.001
-2.0518244240058277 0.001 0.001
1.3640623640934058 0.001 0.001
1.0582604386679162 0.001 0.001
-0.6284363440840899 0.001 0.001
-0.13801163373957367 0.001 0.001
0.3745606081059976 0.001 0.001
-0.8875284278467636 0.001 0.001
0.2098343580013653 0.001 0.001
-1.1755588300506805 0.001 0.001
0.41128414638668165 0.001 0.001
1.4521896277225956 0.001 0.001
1.2886170111126776 0.001 0.001
1.1650147504554547 0.001 0.001
0.6818590375656898 0.001 0.001
-3.3940367353521292 0.001 0.001
-0.7780709337001112 0.001 0.001
0.24115051175041302 0.001 0.001
0.18475436134241185 0.001 0.001
-0.018347642649358897 0.001 0.001
0.036593827656288935 0.001 0.001
1.5372150980691741 0.001 0.001
0.31909596450723887 0.001 0.001
0.5320234936820142 0.001 0.001
0.3344483585498211 0.001 0.001
-0.5453142428557797 0.001 0.001
0.11224683604174163 0.001 0.001
-0.8051818101676161 0.001 0.001
0.431204172536459 0.001 0.001
-0.9309831213127481 0.001 0.001
0.09089392128721774 0.001 0.001
-0.5873576367611073 0.001 0.001
-0.2957344983970908 0.001 0.001
-1.2001230207779234 0.001 0.001
0.47102506028896013 0.001 0.001
0.5907271555901127 0.001 0.001
-0.18982860314744943 0.001 0.001
-1.7212630611134987 0.001 0.001
0.19143571536025772 0.001 0.001
0.3534663205253515 0.001 0.001
0.4497591001261198 0.001 0.001
0.07321409110523097 0.001 0.001
-1.593685750705408 0.001 0.001
-1.3276458379394842 0.001 0.001
-0.3875269665475581 0.001 0.001
-0.2558394565230125 0.001 0.001
-1.3895677771034831 0.001 0.001
-0.5719080643750707 0.001 0.001
1.0746449329410686 0.001 0.001
-0.45875283497947744 0.001 0.001
0.6919751051512791 0.001 0.001
1.2700982186627066 0.001 0.001
0.18625587657092746 0.001 0.001
-0.20465453237686168 0.001 0.001
1.1246055160710544 0.001 0.001
-2.1069085716896567 0.001 0.001
-1.477391651272421 0.001 0.001
2.1018945906306032 0.001 0.001
1.1430363935982528 0.001 0.001
0.5167059588600369 0.001 0.001
-0.3231140416195893 0.001 0.001
0.07548570833609931 0.001 0.001
-0.6923128843579368 0.001 0.001
1.0198112949181264 0.001 0.001
2.2383992251042266 0.001 0.001
-0.02198411847908721 0.001 0.001
0.44154546820389967 0.001 0.001
0.6357832797013512 0.001 0.001
-0.4232391449050976 0.001 0.001
0.6124898700703818 0.001 0.001
-0.5757783524783174 0.001 0.001
0.40170059555125803 0.001 0.001
-0.5243722639475149 0.001 0.001
1.6377550371260032 0.001 0.001
0.01787943335088671 0.001 0.001
-0.2903069769136417 0.001 0.001
-0.14946173425676912 0.001 0.001
-0.7708192692884822 0.001 0.001
1.167962909303114 0.001 0.001
-0.6908219125838734 0.001 0.001
-0.746397231498508 0.001 0.001
-1.488866722197826 0.001 0.001
0.1533459832986067 0.001 0.001
0.28205884011756543 0.001 0.001
-0.3446161287450866 0.001 0.001
0.17160790996284772 0.001 0.001
1.4567107122657224 0.001 0.001
-0.2426954969928765 0.001 0.001
1.3482591791882454 0.001 0.001
1.6021336188538768 0.001 0.001
0.5734616947995647 0.001 0.001
0.24945555253390453 0.001 0.001
-0.27740282322920007 0.001 0.001
-0.9396696521312194 0.001 0.001
2.837491476472802 0.001 0.001
-0.3356568990458859 0.001 0.001
-1.166955687511338 0.001 0.001
1.163573495574733 0.001 0.001
-0.39058945061612366 0.001 0.001
-1.6623675515624827 0.001 0.001
-1.2506190189503157 0.001 0.001
-0.09952305932121908 0.001 0.001
1.1320940445153667 0.001 0.001
0.8362776453716 0.001 0.001
-1.0212795360779796 0.001 0.001
-0.684709477150566 0.001 0.001
0.09390765997750468 0.001 0.001
-0.10806685173266424 0.001 0.001
-1.2284923935450751 0.001 0.001
0.1088546901117331 0.001 0.001
1.0457633404888107 0.001 0.001
-0.2859653123494085 0.001 0.001
0.834251461434509 0.001 0.001
1.0364753778387634 0.001 0.001
-0.8535681361817055 0.001 0.001
-1.4646073369906232 0.001 0.001
-0.16784159226852005 0.001 0.001
0.6613932274490395 0.001 0.001
-1.4812941653710825 0.001 0.001
1.6608837674066417 0.001 0.001
-0.6569697810351949 0.001 0.001
0.7242913661844671 0.001 0.001
0.06665070665010753 0.001 0.001
0.3590347229684776 0.001 0.001
0.9768321145467881 0.001 0.001
-1.0661371040498597 0.001 0.001
-1.2173469844691096 0.001 0.001
-0.5851919567074614 0.001 0.001
-1.9701478066424156 0.001 0.001
0.35482473150974525 0.001 0.001
-1.3875298611600029 0.001 0.001
-0.5694031748651444 0.001 0.001
0.9167726171702814 0.001 0.001
0.5817986605480762 0.001 0.001
-2.0323622772096654 0.001 0.001
0.29267163068507873 0.001 0.001
0.7658087073139743 0.001 0.001
-0.7223734559902244 0.001 0.001
1.8133283319602393 0.001 0.001
-2.5061055596021076 0.001 0.001
0.9710771805265823 0.001 0.001
-0.668583849897422 0.001 0.001
0.07883691582728018 0.001 0.001
-0.13985939104819609 0.001 0.001
-1.035732452271611 0.001 0.001
0.34309326086135333 0.001 0.001
1.192023785915862 0.001 0.001
-1.7083449728672184 0.001 0.001
-0.7303393343127355 0.001 0.001
-2.4045682581522247 0.001 0.001
-1.3503309464444342 0.001 0.001
-2.9769682456169577 0.001 0.001
0.9260112431912386 0.001 0.001
0.25099826471464665 0.001 0.001
-0.7037907822311062 0.001 0.001
0.8228224115732417 0.001 0.001
-0.35470679740385647 0.001 0.001
-0.09147417983375128 0.001 0.001
1.7252812790708623 0.001 0.001
-2.1367924207488347 0.001 0.001
-0.7054071293103337 0.001 0.001
0.9157324397408152 0.001 0.001
-1.140936412558949 0.001 0.001
0.6458006321464829 0.001 0.001
1.7103739057425857 0.001 0.001
0.45679067788673233 0.001 0.001
0.5163548335719464 0.001 0.001
-0.07595017447432695 0.001 0.001
-0.8027161713877197 0.001 0.001
-0.39721002544906536 0.001 0.001
-0.6020289638238793 0.001 0.001
0.8437414190126743 0.001 0.001
0.706043097022452 0.001 0.001
-0.6012008934571768 0.001 0.001
-2.5271184177556667 0.001 0.001
0.38121107614647204 0.001 0.001
0.3823835716124369 0.001 0.001
2.068909693489732 0.001 0.001
-0.5051374769244995 0.001 0.001
-0.23960176021909543 0.001 0.001
0.7869232424260417 0.001 0.001
0.7382744236086719 0.001 0.001
-1.3745842058255902 0.001 0.001
-0.8630713388157817 0.001 0.001
0.37050204998007913 0.001 0.001
-0.5322480643815098 0.001 0.001
2.532455659051928 0.001 0.001
0.7282522172058563 0.001 0.001
-1.340982759869293 0.001 0.001
-0.4950674538840625 0.001 0.001
1.4878625294663186 0.001 0.001
-0.776048386831543 0.001 0.001
0.5720897061329238 0.001 0.001
0.00916948336346369 0.001 0.001
-0.277132552111181 0.001 0.001
1.286256091478276 0.001 0.001
0.39517919591336437 0.001 0.001
-0.7387400876670497 0.001 0.001
-0.48420551210757706 0.001 0.001
-0.0016339971399198516 0.001 0.001
0.767097804903706 0.001 0.001
-0.09173528092334171 0.001 0.001
-1.2693301885519102 0.001 0.001
0.7908733853134365 0.001 0.001
0.6510032770405222 0.001 0.001
0.9114333443895419 0.001 0.001
-0.0805076983499758 0.001 0.001
-3.6202243331513917 0.001 0.001
-0.30043176745978156 0.001 0.001
1.36853663206687 0.001 0.001
-1.0614596401008063 0.001 0.001
-1.2477408452362753 0.001 0.001
0.6268740902028478 0.001 0.001
-0.8914303534594822 0.001 0.001
1.1220051397769566 0.001 0.001
-0.9554457996712049 0.001 0.001
-0.2091707197881306 0.001 0.001
1.0525960397103378 0.001 0.001
-1.4152452520773633 0.001 0.001
-0.6678551494586249 0.001 0.001
1.2417284399967135 0.001 0.001
-0.6212901278796725 0.001 0.001
0.23186206257577036 0.001 0.001
1.3050080590125208 0.001 0.001
0.9868500250925819 0.001 0.001
1.4379572412302644 0.001 0.001
-0.0778513745947066 0.001 0.001
0.6725022100112606 0.001 0.001
-1.458794784823941 0.001 0.001
0.042409079842346244 0.001 0.001
0.7479881548124512 0.001 0.001
-0.29604045119423367 0.001 0.001
0.32213535725417564 0.001 0.001
-1.8461806770728753 0.001 0.001
-0.3061903439857812 0.001 0.001
1.7562762704407415 0.001 0.001
0.10568751704214163 0.001 0.001
0.14050462867122362 0.001 0.001
-1.326623999365207 0.001 0.001
0.3271375396638433 0.001 0.001
1.7467423543785354 0.001 0.001
-1.0735657961189398 0.001 0.001
0.23856146718043247 0.001 0.001
0.7127956035361648 0.001 0.001
-0.5561511694279079 0.001 0.001
-2.4566942628105233 0.001 0.001
-1.5968007313264803 0.001 0.001
0.6714872979854515 0.001 0.001
-1.4178890878763664 0.001 0.001
-0.4942104164374921 0.001 0.001
0.6302575316204291 0.001 0.001
0.29483406995033945 0.001 0.001
-1.3887749963014453 0.001 0.001
0.3772992544903572 0.001 0.001
0.18778566079447426 0.001 0.001
0.3693657344992831 0.001 0.001
-2.024339868228539 0.001 0.001
-0.13772049620810653 0.001 0.001
-0.5459785106259711 0.001 0.001
-0.5872041324662286 0.001 0.001
0.6768487594117478 0.001 0.001
0.5407717460990127 0.001 0.001
-0.7973853665091499 0.001 0.001
-1.19879053576941 0.001 0.001
0.7260428063322348 0.001 0.001
-0.2303443929032354 0.001 0.001
0.9559203448639814 0.001 0.001
0.19335461199554171 0.001 0.001
0.5029430338309072 0.001 0.001
-2.469765723237433 0.001 0.001
0.07397580191145692 0.001 0.001
-1.7252604327322614 0.001 0.001
-1.1831173688116354 0.001 0.001
2.2385191041779953 0.001 0.001
0.15799427025237334 0.001 0.001
0.8306744755949559 0.001 0.001
0.9700596985303118 0.001 0.001
0.7709064386064153 0.001 0.001
0.35125010464967144 0.001 0.001
-0.12131262834048374 0.001 0.001
-0.29844073035739155 0.001 0.001
0.9284876006582558 0.001 0.001
-0.6735881298680733 0.001 0.001
-0.3006848783443989 0.001 0.001
1.0822649143304226 0.001 0.001
0.5894115926216549 0.001 0.001
-2.8508253951661273 0.001 0.001
0.21551450718306916 0.001 0.001
-0.655766210616896 0.001 0.001
0.11638233432422677 0.001 0.001
0.5430048868069735 0.001 0.001
-1.5618262034770922 0.001 0.001
0.45682568778315785 0.001 0.001
0.9800943853431905 0.001 0.001
-0.5182934614834195 0.001 0.001
1.7426066082684386 0.001 0.001
1.3960634479078864 0.001 0.001
-3.0717386502072137 0.001 0.001
0.048454707880031624 0.001 0.001
-0.2965117632752358 0.001 0.001
1.4765308701492856 0.001 0.001
0.5124662146230673 0.001 0.001
0.17616883239802558 0.001 0.001
-0.07648421623256636 0.001 0.001
1.309299505159718 0.001 0.001
0.5899406982439687 0.001 0.001
0.6544076437992125 0.001 0.001
0.11368986382204417 0.001 0.001
-1.8324333695612263 0.001 0.001
1.8663769198962925 0.001 0.001
-1.066862941524678 0.001 0.001
-0.3639976288710342 0.001 0.001
-0.5328378450648543 0.001 0.001
-0.2057968433950883 0.001 0.001
-0.08243171717120013 0.001 0.001
-1.1261086194113805 0.001 0.001
1.5862126838001742 0.001 0.001
-0.8360879974898895 0.001 0.001
-0.4831133793231517 0.001 0.001
-1.7800768612225808 0.001 0.001
-1.956266529760619 0.001 0.001
-0.6576078810527701 0.001 0.001
0.9494437757607436 0.001 0.001
0.5220080174725138 0.001 0.001
-0.3263780556475439 0.001 0.001
-0.2163651085929772 0.001 0.001
0.32322189837704646 0.001 0.001
-0.249256197735212 0.001 0.001
-0.9100424066359368 0.001 0.001
-0.6061787308168777 0.001 0.001
-0.6242861579120436 0.001 0.001
0.6483743321411475 0.001 0.001
0.43642398581366554 0.001 0.001
-0.6915715159413657 0.001 0.001
1.8989184729275135 0.001 0.001
1.6326415024838183 0.001 0.001
1.248289353711661 0.001 0.001
-0.7230738088177099 0.001 0.001
-0.05830051024447077 0.001 0.001
0.9447542728788131 0.001 0.001
0.31140669678184035 0.001 0.001
0.09425480569425886 0.001 0.001
-0.18212090264017491 0.001 0.001
0.41631566824598426 0.001 0.001
0.9932211275051044 0.001 0.001
-0.9125079808571245 0.001 0.001
-0.8707224606706262 0.001 0.001
-0.03708067573642859 0.001 0.001
0.23808682963119474 0.001 0.001
-2.1938542285137377 0.001 0.001
1.0625860572016637 0.001 0.001
-0.1224562757307862 0.001 0.001
1.3550134690524873 0.001 0.001
-1.802810187093404 0.001 0.001
-2.38723164315413 0.001 0.001
0.5807394158807441 0.001 0.001
0.14498052527739994 0.001 0.001
-3.2319742265199713 0.001 0.001
-1.207685230278457 0.001 0.001
1.9427244415452494 0.001 0.001
-1.1570943548631538 0.001 0.001
-0.42406402354137107 0.001 0.001
-1.568244231014683 0.001 0.001
-0.8498049078034526 0.001 0.001
1.1936371779008181 0.001 0.001
0.7327167240599656 0.001 0.001
-0.5846311039904247 0.001 0.001
-0.6421828967194464 0.001 0.001
1.4192216234530088 0.001 0.001
0.9703209829683694 0.001 0.001
0.2351245891453829 0.001 0.001
1.5632948355204412 0.001 0.001
-2.1234901729862674 0.001 0.001
-0.4254782924191032 0.001 0.001
0.19026988647373622 0.001 0.001
-1.1944013586421047 0.001 0.001
0.6891025883017065 0.001 0.001
1.2468670757873612 0.001 0.001
0.5474361981832473 0.001 0.001
-0.6730284934262342 0.001 0.001
0.33762146405386567 0.001 0.001
-0.6496487238171574 0.001 0.001
1.289267339812086 0.001 0.001
1.2849712196196061 0.001 0.001
1.0067534227145527 0.001 0.001
0.716177952556644 0.001 0.001
1.0856379308157074 0.001 0.001
1.3083566332907068 0.001 0.001
0.7571215597835946 0.001 0.001
-1.4265076913478907 0.001 0.001
-0.7582219893504293 0.001 0.001
0.09170383649535545 0.001 0.001
1.6971091827516487 0.001 0.001
-1.9789015667670107 0.001 0.001
1.331098925144228 0.001 0.001
0.18145892366567615 0.001 0.001
-0.7676922252495499 0.001 0.001
0.4784091699345059 0.001 0.001
1.9919275592611572 0.001 0.001
-1.0983690581614827 0.001 0.001
-0.8693621499838207 0.001 0.001
1.1854734377521832 0.001 0.001
1.1562830917730789 0.001 0.001
-1.8125570327323792 0.001 0.001
1.7026054198793128 0.001 0.001
-3.3764524970124863 0.001 0.001
3.0368022354535325 0.001 0.001
-0.5405650670076899 0.001 0.001
1.121300923259967 0.001 0.001
0.9512196010815868 0.001 0.001
-0.9281843504971549 0.001 0.001
-1.000278754032697 0.001 0.001
0.14437279332912767 0.001 0.001
-1.0383824968298534 0.001 0.001
0.24406487130854618 0.001 0.001
1.671645163826785 0.001 0.001
-0.5361175557655605 0.001 0.001
-0.270959349733731 0.001 0.001
-1.695996766356443 0.001 0.001
0.9532202807217985 0.001 0.001
0.8923174146195505 0.001 0.001
0.5020673338179936 0.001 0.001
-0.3074996503299374 0.001 0.001
1.3813469585352285 0.001 0.001
2.372216230663985 0.001 0.001
-0.8708171433478161 0.001 0.001
0.34533057705442277 0.001 0.001
-1.5515514508199588 0.001 0.001
0.09418519621280153 0.001 0.001
2.0256788841231534 0.001 0.001
0.9389515451469568 0.001 0.001
0.8631615725865758 0.001 0.001
-2.0410625282482346 0.001 0.001
1.7415856458413712 0.001 0.001
-1.979248131906657 0.001 0.001
0.8560199295784056 0.001 0.001
-1.7867069253494907 0.001 0.001
1.9044473284826875 0.001 0.001
1.4134488947630242 0.001 0.001
-0.48564608654117175 0.001 0.001
-1.776927029153122 0.001 0.001
-1.1343953228740276 0.001 0.001
-1.9302551873705152 0.001 0.001
0.10405136158713048 0.001 0.001
-0.0002513878999524562 0.001 0.001
-0.051940930854924496 0.001 0.001
-0.044712145654498804 0.001 0.001
-1.1662943022164165 0.001 0.001
-2.530473636659328 0.001 0.001
-0.3482170939693268 0.001 0.001
1.0155477990012205 0.001 0.001
1.445042623894479 0.001 0.001
0.9573492146486463 0.001 0.001
-1.5309778209702884 0.001 0.001
0.2969710806136157 0.001 0.001
-0.3966992730789394 0.001 0.001
0.01275265522935202 0.001 0.001
2.113230731891354 0.001 0.001
1.6555493490322146 0.001 0.001
-1.0461878631567474 0.001 0.001
-2.0727474141109976 0.001 0.001
