-0.6277865505850418 0.000125 0.001
-1.065056540520321 0.000125 0.001
0.8435779659975084 0.000125 0.001
0.5720709117736461 0.000125 0.001
-2.933609947359594 0.000125 0.001
-1.3966710968656357 0.000125 0.001
-0.769677522178454 0.000125 0.001
0.2600668325969528 0.000125 0.001
-0.5476788048850839 0.000125 0.001
-1.8697200584394837 0.000125 0.001
0.6283273936620718 0.000125 0.001
0.13040164440813365 0.000125 0.001
-1.7914765529085714 0.000125 0.001
-0.650823345856542 0.000125 0.001
0.347589940034458 0.000125 0.001
-0.39949721213248984 0.000125 0.001
-0.027831306914852288 0.000125 0.001
-0.7682782600237686 0.000125 0.001
-0.4405908452436978 0.000125 0.001
0.1709517268810167 0.000125 0.001
1.0156191898290614 0.000125 0.001
0.9844389196092512 0.000125 0.001
-0.46715493410701137 0.000125 0.001
-0.15169517499761315 0.000125 0.001
0.13741164557459618 0.000125 0.001
-1.029232491942434 0.000125 0.001
-0.6929418087566783 0.000125 0.001
-0.17436073010726438 0.000125 0.001
0.7375882816459237 0.000125 0.001
-2.006515746603222 0.000125 0.001
-1.1347484653580373 0.000125 0.001
0.5549935462375651 0.000125 0.001
-0.3747169828430967 0.000125 0.001
0.18316727947269942 0.000125 0.001
-2.934077350260375 0.000125 0.001
0.11207518846444196 0.000125 0.001
-0.6745050809749835 0.000125 0.001
0.9380924276180543 0.000125 0.001
0.4500585956236995 0.000125 0.001
-0.30041510086627987 0.000125 0.001
0.5158687627344255 0.000125 0.001
-0.8451015208918795 0.000125 0.001
-0.06543306535085802 0.000125 0.001
1.4287262533659781 0.000125 0.001
0.1269936285581583 0.000125 0.001
-0.2551823830760351 0.000125 0.001
-2.5332760450592446 0.000125 0.001
0.4147332931242702 0.000125 0.001
-0.233324958055498 0.000125 0.001
0.22295783643932646 0.000125 0.001
-0.9637002703853482 0.000125 0.001
0.7960321744558492 0.000125 0.001
0.7478997538970251 0.000125 0.001
0.06438379253497876 0.000125 0.001
-1.2877646922981716 0.000125 0.001
2.2643789845937525 0.000125 0.001
-2.732608397182195 0.000125 0.001
-1.1442310076529267 0.000125 0.001
1.4822409042148408 0.000125 0.001
-0.4555330039590882 0.000125 0.001
-1.0487302400161955 0.000125 0.001
-0.29766135916887854 0.000125 0.001
-0.7336232874953148 0.000125 0.001
0.07399374278463426 0.000125 0.001
-1.1525060202912747 0.000125 0.001
-3.9474804693638674 0.000125 0.001
0.4671747422269021 0.000125 0.001
1.4919761793816655 0.000125 0.001
0.051963806324248345 0.000125 0.001
0.9179973077646304 0.000125 0.001
-0.0882251670789197 0.000125 0.001
-1.6576402892951003 0.000125 0.001
1.1641488159416395 0.000125 0.001
-0.052811428452489505 0.000125 0.001
-0.3081933850996588 0.000125 0.001
-0.9656603349410124 0.000125 0.001
-1.7208575874114824 0.000125 0.001
-0.11506782366183045 0.000125 0.001
-4.142448714111334 0.000125 0.001
1.0718703818871005 0.000125 0.001
-2.1251028165977077 0.000125 0.001
-0.5961128434130009 0.000125 0.001
0.6107086956173172 0.000125 0.001
-0.4240267177894097 0.000125 0.001
-0.7864276256625291 0.000125 0.001
0.5290371484295925 0.000125 0.001
-1.7744639474525996 0.000125 0.001
0.7514623558234406 0.000125 0.001
1.1755358137226006 0.000125 0.001
-1.1184646473327262 0.000125 0.001
-2.038433779483276 0.000125 0.001
2.3048012312208104 0.000125 0.001
1.636712052400865 0.000125 0.001
-0.5490620381333686 0.000125 0.001
1.728609367585021 0.000125 0.001
-0.3375488950177868 0.000125 0.001
1.1964285402612664 0.000125 0.001
-0.34184264817418836 0.000125 0.001
-1.3786700770186264 0.000125 0.001
-1.2582081969211292 0.000125 0.001
-0.27249319192110416 0.000125 0.001
-0.29933718970865936 0.000125 0.001
0.33123095346716225 0.000125 0.001
1.5497503462551918 0.000125 0.001
-1.12212741318819 0.000125 0.001
-1.0590110966130974 0.000125 0.001
-2.755932052448492 0.000125 0.001
0.14596651571513197 0.000125 0.001
1.886090133747399 0.000125 0.001
0.22097764612092197 0.000125 0.001
-0.37354812125579384 0.000125 0.001
0.8145138093210563 0.000125 0.001
-0.5327111193695154 0.000125 0.001
-1.2063350580634271 0.000125 0.001
-0.5351686385406357 0.000125 0.001
-3.366795379075768 0.000125 0.001
0.34591111280950443 0.000125 0.001
-0.684503348959664 0.000125 0.001
-0.5599613506124984 0.000125 0.001
0.9375017144827927 0.000125 0.001
-0.3100868512863393 0.000125 0.001
-0.032675629335840894 0.000125 0.001
-0.34070189151527236 0.000125 0.001
0.31418258185581854 0.000125 0.001
-3.2087441773814116 0.000125 0.001
0.6368048447636757 0.000125 0.001
-0.5751609161680469 0.000125 0.001
0.5268609551438427 0.000125 0.001
1.233015694947954 0.000125 0.001
1.1351353496966115 0.000125 0.001
-0.1193095477934301 0.000125 0.001
-0.7552498611210196 0.000125 0.001
-0.5305154315275359 0.000125 0.001
-2.2399904153378163 0.000125 0.001
-0.9591267305377276 0.000125 0.001
-0.35793630614565136 0.000125 0.001
1.9743282217083584 0.000125 0.001
-2.219979563896718 0.000125 0.001
-1.631194816246517 0.000125 0.001
0.9185991192775637 0.000125 0.001
1.2882996544305572 0.000125 0.001
-0.8412329422255791 0.000125 0.001
0.06902211214655544 0.000125 0.001
-0.5835115751882115 0.000125 0.001
-2.579872383402632 0.000125 0.001
1.0713434272806583 0.000125 0.001
1.629175495564649 0.000125 0.001
0.5295422822795358 0.000125 0.001
1.1760260398372926 0.000125 0.001
1.3759545274666645 0.000125 0.001
0.5410714456071787 0.000125 0.001
0.8568702240635876 0.000125 0.001
-0.009479896878342498 0.000125 0.001
-0.6853868075732593 0.000125 0.001
0.03201435081306925 0.000125 0.001
0.49737936530168203 0.000125 0.001
1.0739342339948008 0.000125 0.001
0.7052952218106568 0.000125 0.001
-0.2953232568739031 0.000125 0.001
-0.8215900891138691 0.000125 0.001
0.32019804733228935 0.000125 0.001
-1.6938193669847184 0.000125 0.001
-0.4477978448526967 0.000125 0.001
-1.7324608450964458 0.000125 0.001
-5.83105260830619 0.000125 0.001
0.6471632261611916 0.000125 0.001
-2.3245617843051924 0.000125 0.001
-1.9132153969446077 0.000125 0.001
1.0999950496052866 0.000125 0.001
0.1728589737053227 0.000125 0.001
-1.7712882893202708 0.000125 0.001
0.24941097550479205 0.000125 0.001
-0.20794674784348066 0.000125 0.001
1.2745280209903387 0.000125 0.001
-0.03384396504588283 0.000125 0.001
-1.7876462045332844 0.000125 0.001
1.520679857604148 0.000125 0.001
-0.3778006705962908 0.000125 0.001
0.4832601137918056 0.000125 0.001
1.5982790382542271 0.000125 0.001
1.8089535817325582 0.000125 0.001
0.0034310233577467355 0.000125 0.001
-1.2668293277555303 0.000125 0.001
1.3438886001681396 0.000125 0.001
0.6923997917036372 0.000125 0.001
0.40357676207703697 0.000125 0.001
-0.12782067543972223 0.000125 0.001
0.6707983877470675 0.000125 0.001
-1.0096753714701212 0.000125 0.001
0.4072097093256633 0.000125 0.001
-0.40419722043310635 0.000125 0.001
0.3746415231413253 0.000125 0.001
-2.359539860274294 0.000125 0.001
-0.03348603613158726 0.000125 0.001
0.4635192858986888 0.000125 0.001
-1.5457579693552541 0.000125 0.001
-0.8402951233434073 0.000125 0.001
0.8570461342594949 0.000125 0.001
-1.8651780435287482 0.000125 0.001
-0.5427484330397158 0.000125 0.001
1.1301033589431586 0.000125 0.001
-0.22060305468130872 0.000125 0.001
-1.6976587564857955 0.000125 0.001
1.0807748642442043 0.000125 0.001
-1.2703240095736434 0.000125 0.001
-0.38543253670841976 0.000125 0.001
0.47812033437918894 0.000125 0.001
-0.031191032294796656 0.000125 0.001
-0.12745692389654534 0.000125 0.001
-0.827768862727417 0.000125 0.001
-0.8062240259479639 0.000125 0.001
1.131959520421691 0.000125 0.001
2.1673884315066174 0.000125 0.001
1.0891828780312613 0.000125 0.001
-0.7825440334702206 0.000125 0.001
-1.997728459598596 0.000125 0.001
0.14245877960416678 0.000125 0.001
1.9671131711261376 0.000125 0.001
1.544457766651189 0.000125 0.001
0.9059339001057687 0.000125 0.001
-0.6271314289850528 0.000125 0.001
1.630734325433683 0.000125 0.001
0.26677916891973735 0.000125 0.001
0.5969739700052935 0.000125 0.001
0.4678303738739568 0.000125 0.001
0.5455004687986257 0.000125 0.001
0.07782902978228907 0.000125 0.001
0.21769286461122614 0.000125 0.001
-0.7837603066126965 0.000125 0.001
1.217473426292931 0.000125 0.001
0.3050439111802958 0.000125 0.001
-0.5081368421779241 0.000125 0.001
-1.5550183239294135 0.000125 0.001
-1.5074322754140972 0.000125 0.001
1.189228946973763 0.000125 0.001
1.8759787033042556 0.000125 0.001
0.6398455906737774 0.000125 0.001
-2.0472056866617336 0.000125 0.001
-0.02544686553972818 0.000125 0.001
1.0452391929964635 0.000125 0.001
-0.06826415452544395 0.000125 0.001
0.26339712853938063 0.000125 0.001
-0.06487963207501564 0.000125 0.001
0.5646620004679939 0.000125 0.001
1.3573668022558174 0.000125 0.001
-0.36323537042058224 0.000125 0.001
0.20353629860580277 0.000125 0.001
-2.625702425723208 0.000125 0.001
0.4940064712875663 0.000125 0.001
0.3413252665861229 0.000125 0.001
-2.3170913275605276 0.000125 0.001
0.8558692657005847 0.000125 0.001
0.24343817180366498 0.000125 0.001
0.7032374541304137 0.000125 0.001
1.8085173543337998 0.000125 0.001
-1.3699178122464268 0.000125 0.001
-0.13073324016518512 0.000125 0.001
-1.5108070024311988 0.000125 0.001
-0.22432184768077287 0.000125 0.001
-2.111991400607514 0.000125 0.001
-0.1704930612180545 0.000125 0.001
-1.1013135463012287 0.000125 0.001
-1.564793648215591 0.000125 0.001
0.8685913628923564 0.000125 0.001
-2.5005546677113726 0.000125 0.001
-3.495546419285118 0.000125 0.001
1.365375882655796 0.000125 0.001
0.5455835217721351 0.000125 0.001
-1.108862501279157 0.000125 0.001
-0.8760094939560433 0.000125 0.001
0.7206982028413066 0.000125 0.001
-0.07987658642095778 0.000125 0.001
1.4164848849339142 0.000125 0.001
0.8354472000353375 0.000125 0.001
-0.41645343003491925 0.000125 0.001
-0.4978923872402752 0.000125 0.001
-2.251401512811123 0.000125 0.001
0.4352741384790222 0.000125 0.001
0.03628678254373 0.000125 0.001
-0.49391130908518427 0.000125 0.001
0.15465670195648454 0.000125 0.001
-1.145336582652498 0.000125 0.001
1.8175319997099757 0.000125 0.001
0.5217598000651908 0.000125 0.001
-1.3944923074928803 0.000125 0.001
-4.243499745035284 0.000125 0.001
0.6093619176382589 0.000125 0.001
-1.5302056508322697 0.000125 0.001
-1.750329907056803 0.000125 0.001
-0.00822411216463137 0.000125 0.001
0.3911855233879548 0.000125 0.001
-0.12828154558252514 0.000125 0.001
1.1093678199859496 0.000125 0.001
-0.6315773318880936 0.000125 0.001
0.5918588468269417 0.000125 0.001
0.9091711136647094 0.000125 0.001
0.8315342492306019 0.000125 0.001
0.9599458875740758 0.000125 0.001
-0.7879440763020679 0.000125 0.001
-1.444532035849198 0.000125 0.001
1.7836266516724788 0.000125 0.001
1.2063346328246005 0.000125 0.001
-1.8725738515734196 0.000125 0.001
-0.7928708786506169 0.000125 0.001
0.4143725644779808 0.000125 0.001
-1.228668728464141 0.000125 0.001
2.0308471123215255 0.000125 0.001
-0.4988461351260753 0.000125 0.001
1.1761953342639697 0.000125 0.001
-1.0977621335564305 0.000125 0.001
-0.6249904977252236 0.000125 0.001
-1.4774034046876896 0.000125 0.001
-0.8447222323483244 0.000125 0.001
0.912767653613188 0.000125 0.001
0.9931656703159595 0.000125 0.001
-1.943790782829628 0.000125 0.001
1.256686940928969 0.000125 0.001
-1.0592890116215672 0.000125 0.001
-0.38029362657771076 0.000125 0.001
1.031674990386529 0.000125 0.001
0.06308796856713987 0.000125 0.001
-2.6935614987627363 0.000125 0.001
0.11672603369526018 0.000125 0.001
-0.5152363695939369 0.000125 0.001
-1.3066088513556577 0.000125 0.001
0.738900844184066 0.000125 0.001
0.4372860284662099 0.000125 0.001
-0.37016038725172784 0.000125 0.001
-0.07240645454446137 0.000125 0.001
-1.7833383745202813 0.000125 0.001
-0.4835134697729752 0.000125 0.001
2.1420727069973062 0.000125 0.001
0.8259350540270933 0.000125 0.001
-0.7212111408643533 0.000125 0.001
0.18069138350208067 0.000125 0.001
0.5312491942679619 0.000125 0.001
1.355170306102032 0.000125 0.001
0.25686165037345515 0.000125 0.001
0.3864970431822394 0.000125 0.001
0.8144908942292527 0.000125 0.001
2.489946988548246 0.000125 0.001
1.2299846702113724 0.000125 0.001
0.37846038275675814 0.000125 0.001
-0.24349718879981155 0.000125 0.001
-0.8859125843147448 0.000125 0.001
-0.04130701135524573 0.000125 0.001
-0.42551368275896256 0.000125 0.001
-1.7422425493509008 0.000125 0.001
1.4407947892248398 0.000125 0.001
0.8018209633827827 0.000125 0.001
0.5680727406243717 0.000125 0.001
0.7136658943912962 0.000125 0.001
-2.004901476187053 0.000125 0.001
0.01033132015526019 0.000125 0.001
-0.3803863031162722 0.000125 0.001
0.7709418851122973 0.000125 0.001
0.5594483042144461 0.000125 0.001
0.4137464036651197 0.000125 0.001
-0.017798967259822218 0.000125 0.001
-1.889124178871339 0.000125 0.001
-1.9587066523386252 0.000125 0.001
-2.063806670982786 0.000125 0.001
-1.9739864808182752 0.000125 0.001
0.6745300373267445 0.000125 0.001
-0.24450781571650004 0.000125 0.001
1.759109501522999 0.000125 0.001
-0.04925878225350755 0.000125 0.001
0.6714963144126599 0.000125 0.001
1.7133261968071618 0.000125 0.001
1.6175892730239356 0.000125 0.001
1.4070523843481995 0.000125 0.001
-0.001582030095398435 0.000125 0.001
-2.2667111248804557 0.000125 0.001
-0.21219650160078918 0.000125 0.001
-0.31220001099563444 0.000125 0.001
-3.1073596081726187 0.000125 0.001
1.027976204775835 0.000125 0.001
-0.14525278678953865 0.000125 0.001
-1.2800704474013707 0.000125 0.001
1.160598439321139 0.000125 0.001
1.603017918705774 0.000125 0.001
-1.1739954289414443 0.000125 0.001
1.2093329739297511 0.000125 0.001
1.7790647096888674 0.000125 0.001
-0.6977878816407014 0.000125 0.001
-1.4737634493155163 0.000125 0.001
-1.323079209272752 0.000125 0.001
0.3583045941286797 0.000125 0.001
1.2939237657717308 0.000125 0.001
1.1609242741610155 0.000125 0.001
0.8966080164644276 0.000125 0.001
0.08479892342236933 0.000125 0.001
-0.7443469436519959 0.000125 0.001
-1.1320900434470251 0.000125 0.001
0.28773338592234654 0.000125 0.001
1.3561119327723652 0.000125 0.001
0.38498353746025143 0.000125 0.001
-2.1030466510443895 0.000125 0.001
1.3863185327405667 0.000125 0.001
-3.3307604871096395 0.000125 0.001
-0.9974322526732804 0.000125 0.001
1.1474428338065956 0.000125 0.001
-0.7702350298941637 0.000125 0.001
0.31821743885537757 0.000125 0.001
0.6328071584205054 0.000125 0.001
-0.07564394951983196 0.000125 0.001
0.5922843385337712 0.000125 0.001
1.1692304587886058 0.000125 0.001
0.5532376276495755 0.000125 0.001
0.4943290652798262 0.000125 0.001
-1.5921890434073085 0.000125 0.001
-0.3989071374009498 0.000125 0.001
-0.09786092409499429 0.000125 0.001
-0.3431084642835532 0.000125 0.001
-0.3981266708673374 0.000125 0.001
0.7049627476753253 0.000125 0.001
-1.2520743220525887 0.000125 0.001
-1.3043791003667404 0.000125 0.001
-1.9307209215303678 0.000125 0.001
0.7638554459820819 0.000125 0.001
-2.8546689919922716 0.000125 0.001
-0.17955352713180858 0.000125 0.001
0.4009384245156487 0.000125 0.001
-1.1656435400233676 0.000125 0.001
0.344169110324795 0.000125 0.001
1.7910795715734544 0.000125 0.001
1.9926007759646147 0.000125 0.001
-0.4959450005282113 0.000125 0.001
-1.26652574790274 0.000125 0.001
-0.46791673744921763 0.000125 0.001
-0.4521189277647 0.000125 0.001
0.6398413103872467 0.000125 0.001
-1.4976609560206686 0.000125 0.001
0.28355399889732125 0.000125 0.001
0.813361480285138 0.000125 0.001
0.01830291263272214 0.000125 0.001
1.0624775570169585 0.000125 0.001
0.03807387524041972 0.000125 0.001
0.37914338283740817 0.000125 0.001
1.8337500384748704 0.000125 0.001
0.5356566267712425 0.000125 0.001
-1.819868908125508 0.000125 0.001
-1.1853882619333207 0.000125 0.001
1.6434580980497462 0.000125 0.001
-0.1698885721061647 0.000125 0.001
-1.2781932246183767 0.000125 0.001
0.4406149327719615 0.000125 0.001
-1.0505255211957885 0.000125 0.001
-1.289076847091772 0.000125 0.001
1.346564891121666 0.000125 0.001
1.7752355542877118 0.000125 0.001
0.6265461858171624 0.000125 0.001
-0.2171466533171995 0.000125 0.001
-2.1096550080144767 0.000125 0.001
0.5340650543443513 0.000125 0.001
-1.4866289216310955 0.000125 0.001
1.4502786710217173 0.000125 0.001
-1.1142123722409123 0.000125 0.001
-2.9001979252518297 0.000125 0.001
0.5795773361506944 0.000125 0.001
-2.659300414465715 0.000125 0.001
-0.7754240168772011 0.000125 0.001
-0.8036184255489456 0.000125 0.001
0.22651827260624693 0.000125 0.001
0.9222702472123235 0.000125 0.001
0.2113655513953697 0.000125 0.001
1.5305914743278155 0.000125 0.001
2.157018562951362 0.000125 0.001
1.368540667954249 0.000125 0.001
-1.6362502167448731 0.000125 0.001
0.2696102187583078 0.000125 0.001
-0.5338870129594705 0.000125 0.001
-2.153402044115497 0.000125 0.001
0.13221524598764267 0.000125 0.001
-3.599138820445237 0.000125 0.001
-2.174795279573447 0.000125 0.001
-0.7926529330227963 0.000125 0.001
-1.5014479123529936 0.000125 0.001
0.5945965107566911 0.000125 0.001
-0.9004164930947565 0.000125 0.001
-1.4858380357474654 0.000125 0.001
-0.35289381261226493 0.000125 0.001
0.43774194520681586 0.000125 0.001
-0.8896634349576003 0.000125 0.001
0.6381501463627747 0.000125 0.001
0.8175508445791729 0.000125 0.001
1.6029148070766883 0.000125 0.001
2.4682936026206814 0.000125 0.001
-0.04068788396643971 0.000125 0.001
-0.44182978333703105 0.000125 0.001
-0.0645737193440541 0.000125 0.001
0.26887648484211196 0.000125 0.001
0.36355833529115333 0.000125 0.001
0.6578113656647293 0.000125 0.001
-0.562934421458511 0.000125 0.001
0.5215174344511267 0.000125 0.001
-1.1172435591188694 0.000125 0.001
-0.47337575595564285 0.000125 0.001
0.16745842396519062 0.000125 0.001
-0.6643183718362693 0.000125 0.001
0.04552587126059682 0.000125 0.001
0.04437964658167374 0.000125 0.001
-0.31727988004734115 0.000125 0.001
1.9679486914936082 0.000125 0.001
0.8614401972463627 0.000125 0.001
-1.8772228072856 0.000125 0.001
0.1686820959912214 0.000125 0.001
-1.1143066376590076 0.000125 0.001
1.628781154897796 0.000125 0.001
1.1079848243785326 0.000125 0.001
1.5457336781822903 0.000125 0.001
-0.7811660427253656 0.000125 0.001
