0.32171794437951806
1.0735113013430115
0.06638886829214286
0.3400618873547949
0.36711870929296864
0.3474926590489251
0.5468195176668339
1.1634962121516257
0.5218703773713732
0.9718668932402026
0.7018349375981655
1.2294130289402685
0.21413015798116
1.0061985399184983
0.059681170722703236
1.1783142470128225
0.4462047381991341
0.9574309827843681
0.8227659020500724
1.5827065036052204
0.756287441493478
0.38902177555921363
0.9313386945713785
0.23756918998876306
0.5868021508108264
0.9695280320737626
0.3947905979786666
0.23595484936075728
0.9839893723360946
0.8039877177872059
0.6127489621951202
0.09956116370415774
0.3453435053505201
0.06694118916722121
0.042938230970772845
1.131649701241315
0.6692741347152181
0.8414243475127238
-0.19117995275002853
0.6543715154149564
0.8522767316027151
0.3095104209459057
0.6923716863365575
1.7231090747228859
0.780121764021164
0.8527452644552348
0.2441042433697207
0.5297975483365072
0.3062940704321406
0.19444121106849124
-0.25472409766008636
0.3907082255010202
0.2144901673284311
0.6561481604604457
1.1835941185502696
0.2590909660914971
0.6414667784533132
1.1628141257967275
1.235814359933961
-0.46781773393516524
0.7011236276264844
0.448956383454423
0.49169924296767226
1.118910381924449
-0.35760943873183554
0.16706359613901514
-0.0016767175229036035
0.2152073713013846
1.1728732136472249
0.8073950660149726
0.44680434146576536
0.5414587417717138
0.3965120542279494
1.2800831328038846
1.3079631541106314
0.43043139955649234
0.7070874094590144
0.6473400819906575
0.8353112109056041
0.9412728320338277
0.5809746438659796
0.8667572576952932
0.7260814313291944
0.5386578873395532
2.0955704197975
0.21826958563742357
0.43999551248684826
0.6286859757093094
0.1816966597448475
2.259739086596579
0.26657318085850745
1.3443359659784193
0.37845008641882666
0.4289034849013785
0.4943781752462939
0.2116670642363571
1.0959923627129249
0.6572794353488361
0.10388545549419907
0.4338874582098544
0.15827621653782298
0.8004747315711995
0.9744648130193316
0.03506949836377493
0.6051263631350754
0.29224622385713506
0.5242889534334482
0.465478623746658
0.4834832300852889
0.7672398272743856
0.6055117202006971
0.33251425953757763
0.48319110626794726
0.915518225559332
0.5619997018690984
1.4985672500673444
1.1778976250098219
1.0060719264663358
0.5401410615650445
1.057427352262606
0.8877591393976291
0.7048245817677611
0.373326913677228
0.2433875678084836
0.21058293411215565
0.8820151489162823
1.248043950771317
0.8650436538170899
0.512896601505465
0.3253996759205881
0.37168909276177015
-0.19210047360812377
0.5162571914156944
0.477590398869828
0.1802104914086097
0.7185810726369243
0.8613496837804013
-0.0014292161154786747
0.7805463523874753
2.0953515159821094
0.0055635403938734534
0.6319317557442413
1.3101826443940991
0.8442700280139022
0.9750392549460886
0.4072667802287062
0.3645751588391459
1.3522616738690976
0.5076662045817586
0.9584096721072418
0.44933169391065236
0.4554980726240389
0.6867701466883965
0.7154010495443218
-0.3195906368001115
0.47481231956762215
0.07183578227606256
0.7561327870914735
0.5373673266945541
0.2566040789048118
0.4598266407640095
0.6983514895530686
0.35073249706687903
0.6068218701407514
0.5191533521225228
0.4758564150708513
-0.8325184372681326
-0.23189496788699357
1.0062334164891005
0.7117261613901729
0.6040936462301981
-0.11678319693942246
1.0609819659453334
0.6938036069581589
0.7291760101756037
0.752412725998073
0.9402077555334847
0.6905769015318354
0.21519923084582984
0.7580085518332101
0.5451401054154917
1.1366523866770863
0.47495515088190504
0.44685646743197655
0.2687517052738373
0.13621722900279168
0.5801864041179509
0.556214153979307
1.4190117994777827
1.0034693999333089
0.8530143980150425
0.8541400207648954
0.5272502686151554
1.1707467500327342
0.5502543983630331
0.505931442802284
0.5697408165670367
0.008353414371926104
1.3274404486596296
0.43112439925653767
-0.09965385181313656
0.3940168120045611
0.17518985900924208
1.1850829569135877
1.1956163808262834
0.26070430714117787
0.331896014410543
0.8472067244343758
0.48535855892138297
0.13845751973795314
0.9258993785969439
0.6073053493033876
0.1971802261407015
0.26713469801546935
1.0132682015232957
0.150576475866975
1.4376541153084983
0.1154217602067158
0.35718770426891505
0.6458880899440392
0.7419663444426146
0.7613704685651365
0.9537017853831958
0.5648494633488087
0.3759913708565897
-0.8035216289376179
-0.3012834092481771
1.302943389087668
0.14433792259394942
1.5760067568912517
0.5060338690589358
0.6169134882127236
0.18066343014013367
0.9269227463656908
0.2933145966788468
0.900345394525762
0.7333471130846424
0.5956138963217187
0.4882258714470982
1.0245171729356723
0.8635090770574457
0.4249566174853127
0.5636187282466824
0.4246117710010991
0.6132194085912522
1.101959789289808
0.5370024974795633
0.3213220977610554
0.6484439758883879
0.4403827755170906
-0.0420502943990233
-0.010694438904593243
0.08016607683103161
1.0357837292737517
0.06036288816374017
0.7160925690998776
1.430804417266098
0.6590215693638853
0.08799969932933975
0.4347839958963509
0.9550004553281518
0.8689044861968007
0.5297632769089073
-0.10902080504269522
1.015504676404198
0.8581136810777176
0.7402716951622232
0.1395114244355306
0.07018402710093542
0.15154868064780225
0.8451674296685706
-0.3022840737068319
0.13429306944503205
0.9433457776814914
0.48608107000592754
0.6198868879488693
0.5666911392090458
-0.23298059028034057
0.45330504119976633
0.6229955594675639
0.35032126196362107
0.6960960202485521
0.46075106151563294
0.9877545160353575
1.044487655138714
0.16817480998510312
0.721425284298224
0.5718795146951324
0.5517062670130111
1.035794290252717
0.8048328921406979
1.0481757478947835
0.5813023864392881
0.9523842341123429
0.6284752155906056
0.7594863455141162
0.17039597448193874
0.5454155335462365
0.48735323139639447
0.47431860694192424
0.25576721236633343
0.004572293033138729
0.31430970487470355
1.147611473093429
0.6446638912627299
-0.005997050024516522
0.3917932829546036
0.48511360890957583
1.0127855634433682
0.5089323862045592
0.6330170028514951
0.7358969380166048
-0.13104366634719528
0.5330620543118325
0.27854344959276406
0.9222062206051834
-0.011321024183706901
0.6675819243156699
0.5491433318471189
0.3744067138399912
0.37849406384339845
0.7267931526960226
0.9483318460276414
0.514144852647587
-0.011687564058346644
0.03230717577927498
1.287209851252258
0.31009180081856186
0.7605696589735693
0.6691307711514659
1.1837975818425261
1.1721618494261714
0.7043432069787704
0.498951469523426
0.4674526136512305
-0.20108169383432825
0.08924675616030991
0.24657980727759965
0.4412623056852641
0.7922206238851386
0.3661634680096966
0.761962525857644
0.4726672024607626
-0.19213122571110616
1.0182924809721734
0.47470277387490434
0.625227578793406
0.06269672399270043
-0.266986161178606
0.5749289708751162
0.7423642736073782
-0.004546104183911229
1.0497329589608266
0.14638482456514926
0.6077926542127042
0.279675687476911
0.2632518523508421
0.27851847539114855
0.841373647009961
0.5432355434377293
1.2208616531236123
0.36123537386075544
-0.1837659197708685
0.29103531960695256
0.8787207984435742
-0.07558913407037184
0.643049589310407
1.636054625205304
1.0243525315546975
0.8897713791557424
0.6301654160887357
0.6529619333365245
0.8070308857642972
-0.0753982810935251
0.4336056506044126
1.5827016374370142
0.748678812406477
-0.29555273856208303
1.0918426564994885
0.9038860158702033
0.34043956081484367
0.4713138946311211
0.48233409139047706
0.5881289965156478
-0.0749001474264193
0.021999797125292878
1.636757036050719
0.7395998882169473
0.4709590867223355
0.2140040191419972
-0.13804315181593488
1.0483844197068883
0.2281569170682349
0.7500995080383897
0.48694609365277813
0.6375846540153052
0.5596341465323045
-0.19819685619157937
0.23819672062667954
-1.274561232183346
0.9546928386907886
0.5393470051589102
0.5907605586400018
0.2658608409433533
0.4971910549178166
0.609474447284629
0.016112280125727924
0.2952028484130537
1.2689427858389604
0.5845258299406708
0.6168059307678836
0.5431035966186356
0.47544177765143064
0.7406199588426025
0.5633749522970147
0.6001267083867313
0.06828443503315669
-0.27462713853500825
1.4013762390137543
1.0612845782209295
0.25172219190117323
0.4024496920540364
0.5326724405191994
0.9545735846827269
1.7152981461192915
0.6295939662945816
-0.21191217051010114
0.5710804750814088
0.3905662179831462
-0.1303121005701434
0.969496934593239
0.4449898535044599
-0.06224314849831367
0.7194371323927089
1.111865719126509
0.5140037822791815
0.5956391376751728
0.36856950713480446
0.9202562180546167
0.7160732427635795
0.6281653901289989
0.9777607790634688
0.26842649022251064
0.8938833709936046
-0.04796679922342354
0.7893609303964833
0.4761739473493039
0.4437759449118963
0.4898071329059035
0.30243684285451494
0.8965234412044127
1.3177535061660275
0.7548055203029772
0.6248030670064568
0.5805227422742316
0.05559642851258086
-0.5332008801937504
-0.40265209271429914
0.447543747379024
0.3343228684135971
0.6402765731843685
0.49036755835391416
1.3951603100417793
0.17997896709792774
0.06945444922961289
0.5858015980441652
0.7359417288331002
1.56485824224998
0.6507041003846323
0.23316205582285
0.578220038558119
0.34550381245306916
0.6813103084337123
0.3198117236067171
-0.3566714960956287
1.2798232375854766
0.21938154629386683
0.7977050248548303
0.28839612565483
2.306092050649711
-0.1038085102721229
1.7488467837478876
0.3861815335523357
1.0846844383110519
0.4418459028447341
1.350143014470693
0.10467900731889536
0.880656436172781
0.31123406171997403
0.4643243010041173
0.6061059248188423
1.2321157754908447
-0.21417653471233547
0.3029284407000992
-0.05319705942427122
0.7628828148171202
0.5123109866489118
0.6663625490070549
0.09943539241988651
0.2844971784642572
0.8617131264278148
-0.13576641860168545
0.4941600271319339
0.45080301603891854
0.39188985715878544
0.5913086842853771
0.28000540053822726
0.9617631842303975
0.2895424178708183
0.04329172813431822
0.23875463099317798
0.04765323920208713
