0.9597691781203577
0.32635771703547195
0.5366575728293831
0.43962306731409023
0.7554983836186965
0.8085385554405627
-0.2373680869792544
0.2636868805015624
0.656162580737586
0.20274235339150207
0.3917046498186975
0.5156611632426377
0.4340155078609383
-0.24304024669980565
0.3161412933917153
0.9706692212495412
0.6104593796654427
0.8340585741194956
0.09507805926891195
0.3224675657493955
0.645058540436762
0.09408149795794102
0.26497275425684286
0.5305183921916038
0.9505583824110356
0.24686022297534083
1.1705866037582375
0.28587265928210454
0.995026678557796
1.1155991868227346
0.1769569397696177
0.8708810733168896
0.8907776133974462
0.6891361275268159
0.42992245587195915
0.4778763182451262
0.22556607304561238
0.5061693184866299
0.2886646910417046
0.5103931407036909
0.28797125342051727
0.5940216843865262
0.836822696203193
0.6226913373941625
-0.15427912198486401
0.6669106432551314
1.7296616598716295
1.7124610299505802
0.7489839866817048
0.31797669618620655
1.1050425873749596
-0.027290656392929952
0.8480668051988167
0.46299270032287215
0.6422705321355378
0.5810944893987381
0.8792026582445586
0.710872920637307
-0.062452847784843245
0.8144255465663167
0.5165550332217493
0.4485946547301935
-0.061177199035933404
0.4116624438198076
0.7198065448381262
0.499209114259682
-0.6525646895688472
0.2405027902338357
0.9616162336924986
0.6710276933961427
0.3309782239302951
0.23660145659365853
0.5063226776003132
0.2164870622823766
0.9693724258056416
0.9967170296905014
0.809216985439389
0.9842841576102646
0.21634987641617087
0.1445094238849595
1.3127966346006568
0.6712976686890616
0.7208167523419885
1.1159843236183475
0.9155527706636692
0.03479090691730669
0.5849915649931492
0.7020564262877019
0.20066602041659984
1.522641633306238
0.5235392828460066
1.1785835016753943
0.23362652470909465
0.8493586139015071
0.42829891885458987
0.9232384061576813
0.7512755293150749
1.0904092198459565
0.9995775826151801
0.9522475408071315
1.2234357737432686
0.45364497170693113
0.3681536263806131
0.5141835068184614
0.7299048257465204
0.3473498341013322
1.2299814488483232
1.0498960988409611
0.11275017508234146
0.8601471089407419
0.9856911093125128
0.3742206343884493
0.53964966721582
1.7460701382338115
0.7784317202462816
0.30947521239316905
-0.041705456052325694
0.5864803168814952
0.31538814808776644
0.7826286207092056
1.554997073536126
1.4817098517396554
0.5113033778441007
0.35218753619145343
0.578625421441065
-0.3832406277794623
1.12479774062693
-0.08004406316606431
0.670515828622598
0.740773981797927
0.5112754631321254
1.055931868925392
0.04441606428978647
0.5144366388540544
0.423805313885436
0.07963236089677635
0.4125697863134144
1.1048863445724406
0.5698080888405193
-0.044315896226673944
0.6647816606921348
0.41849351432194765
0.09912602178288026
0.5080576682882979
0.4040465908998457
0.6084012038815967
0.9628910236917606
0.4081086674404546
0.4361655248856389
0.16529907440429245
0.01803257494110455
0.4532145982099451
0.5803545697164112
1.1687491121270321
0.8678606202228373
0.47969311724394026
0.24001850958746831
0.44022343780588086
0.3547532635340486
0.24448895919363503
0.4588131137943156
1.128992033398007
0.36155695571304697
0.8683410458441836
-0.3677844755969713
0.4990171472582638
1.5232920092994602
0.4537961904668751
0.33268191284749604
0.8469746491064946
0.18671830035178585
0.12272515406456212
0.5246595979016311
0.5511235864672602
0.5489446576354363
0.5624245044432742
1.3544451588638882
-0.12719499850744603
0.9205927431190922
0.2773321570198481
0.06369091605189585
0.5433767176845218
0.5194822918260581
1.214360316324232
1.0396517087209796
0.42741004379469594
0.60973334723429
0.8712630950813689
0.520751428392718
0.2620576702355872
0.2640720728265043
0.680847789354294
0.8236468752279534
1.0199958890110004
0.5551315676597467
0.9412823719797405
0.3214211538591118
0.7815279314853912
0.9601880097354774
0.5065272065781626
0.0828928251107071
0.1372899466921983
0.9313182438928825
0.5687584071447376
0.06870654794580235
0.6590692811060808
1.3492912895835303
0.44895479793480525
0.4098537528243192
0.5017401994212038
0.4513188968457018
0.2428888681468088
0.7503738604245634
0.49416722354656967
0.6596700132826774
0.6099700618509887
1.4608426520649178
0.16353516964425122
0.3584361261756972
0.7846167583759383
0.12120120605194977
0.32890346313980084
1.4416539488774156
0.19683359619297877
0.3145766762469673
0.18727913334383037
0.6514608431395277
0.9657030801765741
0.44267421426706965
0.39500983727562283
0.5763696306514801
0.7412919793655087
0.7513723947910672
0.3194287257819785
0.9496318479269115
0.5006145484185651
1.0195415608735323
0.5076655849171117
0.6619123049473316
-0.3016911228108679
0.549051002140804
0.4415258976549416
0.39366041806973556
0.594580570478662
0.7590574596709206
0.6462555549237302
1.1336137351542594
1.120911252013298
0.9383996274207106
0.4433268892097469
0.18849541206531217
0.27638677196840716
0.379252112737464
0.7649629292186431
0.48001978136288903
0.07704035797511766
0.17497533737530713
0.8686474742561384
1.2226268323206184
0.6990076852030983
0.4821869099593803
0.7773726653135804
0.13454516460584123
0.5575533379436377
1.622083823281885
-0.29352722434352013
0.13686848218586323
0.030801997913839568
0.3569825564753013
-0.1176159859130721
0.912206145568775
0.5606773951836915
0.47688142209170997
0.31586398637862295
0.8022768206111518
0.6993459444794285
1.973806682435936
0.2272200014097213
0.658829606674979
1.7172817772896731
-0.1025971872702262
0.5829631501110178
0.3950276465631641
0.3877189333886702
0.982014868061532
0.34148802245833915
0.6727151124872971
0.22852756136002741
0.30261256675787124
0.1425700119259891
0.7704140432889205
0.5873970036043389
0.8277877164977342
0.5755013278210696
0.4967048922496467
0.6749618960528169
0.12181269639191554
1.1186458153414116
0.0831579337127338
-0.5243994399168243
0.7324965288529027
1.487553741248546
0.45599109517346387
1.2816072694217444
0.5968854270999411
0.48431578495346433
1.1730420985627998
0.5010861249726264
0.7807519590390636
0.55163331514316
0.46929428782395544
0.5123008742089078
1.1670337742447312
0.19491699283377192
0.713076641926405
0.9044319291195672
0.565214688711845
0.3291837629904839
0.2130197454476226
0.42102381087443114
0.8294930125853816
0.41848972149714087
0.5575951154872115
-0.20140654490509838
0.1828006200121762
0.8037754635857338
1.0440163914318332
0.7578585418694742
0.5708438509863837
0.7593065438799574
0.5142468643594703
0.8718969412849908
0.7764733632429439
1.1795491653694594
0.4879787172444198
1.8236895291534532
0.11645406421447509
0.9827122024763817
-0.17774180084305743
1.092899154539026
0.3828545674991884
0.44955685709227194
0.18617702449540321
0.6408147452184689
0.46248981768257513
0.3053226455091648
0.5254484130291796
0.8073023377014096
0.045101177350084044
1.0279277704054184
0.3515035473679045
-0.12317857729086046
-0.3584860878343023
0.6033676697286056
1.2018854469174058
0.6504184011295967
0.8575568891498874
0.4136166745637478
0.37435181661077993
0.43588160574470186
0.6047318259099753
0.5883967001721401
0.2188875490432607
-0.13564780768661988
0.7456904073194335
1.027088996914338
0.09133980321293739
1.6529130452941738
0.4535317839011612
1.4234796759525083
0.6757090002015093
0.50630118054735
0.10971390279799996
0.7979890588047414
0.33425846633714396
-0.27593685993147327
0.4595395267998219
1.0382261035020426
0.027340752471951096
0.622042439303239
-0.008198867777590269
0.9236034011650678
0.8269321001673947
0.3690939373231556
-0.3257792356305598
0.1702062080221809
0.6285075709340976
0.9602280945759554
0.027681578390353012
0.4123862457673793
0.5693248778178089
0.7241610023096351
2.010801301168481
0.34480987877968855
0.5898451160880341
0.9329128069729197
0.7118867438621167
1.016640105762242
0.6535344142479881
0.5341432212132362
0.5535200541201473
0.43721936455790544
1.181390167588693
0.5793305185607337
0.416722783818426
0.2565004620419827
0.7324800526211823
0.8045091557921751
0.43959823659496805
0.4024780448331216
0.4718881880694819
0.35480006286134996
0.006991785726027692
0.887497015241463
0.6905785080752088
1.0795875299566917
0.0903321361086234
0.4065636829509241
0.4784151668474916
1.153809327323626
1.2689535858331913
1.0145340265903682
0.8221769067096666
0.3598173846097681
0.5838255729069743
0.800848833067857
0.6975012934242079
0.4965972934601391
0.5888277764927782
0.7823351272623587
0.7585669458294902
0.7334044968296901
0.907645063621321
-0.0627181398233093
0.1475937972709256
0.6336869174385601
0.10066293080074325
1.323486367264013
0.018661349438633994
0.4395174118426162
0.3005394403065276
1.1307128965608988
0.2967522889635246
0.26653315437260394
0.52088601562178
0.2957637592789047
0.27536862423111413
0.3888914304137486
0.3453085863707284
-0.3568502653796268
0.6329190713999469
-0.09000248903040074
-0.5344540766315226
0.16867592142721247
0.5490071107306501
0.6593516928448849
0.46301174856748833
0.3676675894648855
0.15390401949674734
0.5281784069411051
0.8945033406688871
0.4996819709117489
0.31530431872970655
1.3048158997984356
0.25027213346820637
0.21096464843000404
0.6435051439437361
0.837753097366046
0.2966886310861471
1.0358590525046167
0.5767534366640655
0.43896587373810986
0.8079797939051945
0.05320477221583623
1.1057322808422474
0.6167080883789942
0.41063264737687183
1.4454474326886382
0.4513246435998944
1.768557203508465
-0.07573126955346195
0.40633197307219704
0.6967457211278486
0.5474105780595656
0.609329146484605
0.6484586168262957
1.093602210699786
1.208356923504486
0.34752781812877426
1.0412537483947466
0.19683427456390348
-0.008715113997431757
0.6667611930756955
0.5582050040359469
0.3961983637272845
0.3362990212696569
0.049883973168843375
0.5278467375279046
0.3218023713354106
0.3391364189692248
0.9017287332825769
0.16281712671639414
0.7714849518681364
0.5928171114763843
0.8796943329850158
-0.09967853355575085
0.5107475798143725
1.0427750220237273
0.5463854634343076
0.38062843460080087
0.3553405059033441
-0.03240322070732619
