0.9889415592679557
1.006188054241413
-0.133481239025357
-0.2023687520042303
0.5872608961957536
0.8378229816792162
0.7687555939182807
0.658877376917597
0.31348636941478164
0.7281205320900636
0.8142836233474339
1.1975098500491836
0.7225850467586189
0.05694071937443157
0.5515217252062729
0.5772968848081016
0.12073814909552838
0.9769962206420777
0.9167305108376507
0.6977220790148887
0.7045243774045079
0.1783916280477615
1.0816616781361164
-0.34042094507619497
0.5737678436509311
0.9227595739216655
0.3699102625170297
1.053185289440746
0.19730649880482523
0.2915486023040252
0.05066858229191303
0.911706567344947
0.8667305354192888
0.437530083070686
0.37018006863254477
0.8646169270270859
0.6195669322354849
0.3824520017370278
0.7555817816096795
0.2729444655868078
0.7012448097194817
1.0381057581307183
0.1447264100261029
0.5729878073085461
1.004485399532564
0.8535629587201187
0.05740374321907884
0.8487148478472905
-0.011566931453144838
0.36833396030798965
0.5670600340157114
0.9772023021953409
0.6092896871362884
1.0646728821057643
0.9651636159557079
0.12763234719194666
0.05227744792225494
0.12836647754738784
0.45765467574354
0.7101406990980648
0.3048115134101923
-0.1532608087192616
0.6865381084235812
0.3386244939632272
0.6400412561447766
0.6821580781146616
0.8136127173257236
0.3638355314530198
0.45962815742019264
0.898261259486922
0.48178345451688265
1.7208295869663595
0.6906518786654431
0.6570654985200742
0.4942583737626797
0.7387399851860638
1.3266140076315704
0.5011610408684608
0.14764766301298163
0.627840827273791
0.4152739540095291
0.08453093926939496
0.295369131007826
-0.3537235745788209
0.2687907281186157
0.03766920978868916
0.7255102891615759
0.4352375250254297
0.5747441875360166
0.9167286302470289
0.17959149926935117
0.6493922824233609
0.7695713684829489
0.2892486977117427
0.61803891076371
0.8480336534069615
0.3668587724793129
1.2048542127610695
0.23276719296791468
0.12791585429159527
0.5253047496161498
1.0238003515163274
0.6998783893200256
0.8219606939408979
0.7516590199764139
1.1695590268432996
0.7511516480247087
1.0265594912695422
-0.16970000102324886
0.19596006673797114
0.3118710479036521
0.554519813757347
0.32538196221808385
0.5412306951812355
1.0293046005238446
0.8073181700213743
0.7361787999634558
0.5650995544721998
0.41409739383653027
0.9911343195059915
1.0250959483441702
0.3717371067358883
0.47112143391185163
0.24710420572053757
0.666331871735069
1.1214095689745196
0.3623939761411081
0.2709360423821673
0.9019593705479952
0.8615771737970744
0.0999180788242298
-0.03189000761601454
0.2824493970418482
0.6100420141002701
0.5573682152862954
0.3884826137241773
0.4369568912799626
0.37179313048166884
0.7082636053879154
0.2131533729562776
0.6896153888561859
0.04987383486654973
0.4306740429111418
0.022597931700108615
0.5255849302175927
0.6017683469353103
0.405326015554811
0.22850208501521171
1.1396309956149935
1.3051944289773987
1.519909888159807
0.26931300309509815
0.23391444586805074
0.3323351109305334
0.20788864431215517
0.44843940337304916
0.6223108892022048
0.32151510337369094
0.8145474043152922
1.0732570406900652
-0.5226720641536852
0.45950202070534313
0.46118995535483
0.46689348648369533
0.3123995957120534
0.2399567347356821
0.8067411016016411
0.3888141301247217
0.11383437913547512
0.9868917449773349
0.713175746913323
0.4018447665368101
0.42839960150808265
0.4526974751793625
0.6199191953645632
0.35522908235352174
0.611878454930874
0.6102910271587801
0.34608440107829824
0.19214963690734446
0.8241500015183377
-0.06798837458276587
0.48037274964866006
0.4659301644060568
0.7850512645769464
0.40438591465531576
0.7879124179237748
1.1194174159574881
-0.11213907219592718
0.47021135180899654
0.6997788415771254
0.46467748920032864
-0.19232375644037755
0.791435095560808
0.3092524155293935
0.7254649080773664
0.23564032203776786
0.3741320518986964
1.089327569413351
-0.04098408336081955
1.2902074659313671
0.4856285214544034
0.47405051366784573
0.9466811744198017
0.3645070628684593
0.6783647241245753
0.32480715149196154
0.30310911260371487
0.7871114600677928
0.8374414857817732
0.7076966150582126
0.6982168169653059
0.9457471382049567
0.5477492274958785
0.6534928625913059
0.2092711705482917
0.5338277220087799
0.5777362862220148
0.3253866216892806
0.3686307751137401
0.6280730350957425
0.21980371056308645
1.2785416828506937
0.6510695194811134
0.2905430582059563
0.4449828799838109
1.0487109499450504
0.5457086216206682
0.18005530505443587
1.0762434374131862
0.6217095127160485
0.29252786058266794
0.5379855247908375
0.7731973169323202
-0.33694614558303576
0.5512502767846473
1.1325366686761986
0.3630033444786562
0.6134090925985226
0.6452302521633153
0.3858477053785087
0.8567629197556874
1.5397782707905974
1.0363981833206775
0.3608082446101541
0.6680550338775401
-0.003803305271091221
0.3326332775316771
0.41767588119898663
0.5641696190670827
0.15728350961563695
1.0247891171732744
-0.39087662382712046
0.5082053860571901
1.1502796460093363
0.5844318576497366
0.31255472563640657
0.6155225316118126
1.122686876948391
0.7107668192433508
0.5521492079283342
0.6353680751802672
0.47636767654030426
1.031966891254231
0.7816022161372848
0.9247788929626978
0.2505065663137099
0.4929937495901629
0.9032879248251663
0.37317640101887356
0.5731010881367701
0.14936216598885602
0.7409355757346493
1.1195570699398083
-0.30279688046945
0.7238185241859975
0.9973360557433827
-0.5974573559082781
0.7217753420095786
0.5976207860976122
0.28711508530341573
0.9690713830097671
0.23977826232905167
0.9219377438042456
0.09338076507843357
1.2478360818217176
0.058686926469890155
0.3766809087695809
0.3646187386191558
0.18612103972812474
-0.12278684209422071
0.03526300143974696
1.1803963392816934
0.8604830395917572
0.12595778093756727
0.6950296620742566
0.8168010584455399
0.3953952605296336
0.0969830940157832
0.7399889676865617
0.6826360857268732
0.337668013473621
0.07862273093659818
0.34579207732255696
0.10906033365406799
0.3512155348541781
1.108828401798639
-0.026578753938222333
0.3709442005871931
-0.31053462776505425
-0.1796151949931802
0.7006154532686778
0.26250670554464256
0.4592727666571131
0.2843436544643347
0.1918171537151546
0.6085190236600112
0.4470821021594489
0.8386059615697515
0.12412541168024928
0.7500485691560365
-0.1669556676909744
0.630654751716079
0.6422584696370195
0.2958426120300404
0.8022541573762245
0.6119868749027807
0.17510253518328964
0.44424230945629417
0.09282661073087341
-0.3655920103509504
0.6037427236984254
0.42958776553876427
0.742618350228866
0.4734035198827176
1.1274048546189406
0.4163250378117264
0.6854435295516521
0.2189005765037969
1.05844936508867
0.33334431483623267
1.490344441570831
0.47713445884281214
-0.15572506112621262
0.37917324763401883
0.6648224000444086
0.5611145498275375
0.4177119570852712
0.5635016764936179
0.6318414569903628
0.3954579007017383
0.523035015855248
0.8842348559911191
1.0967461866258708
0.443016576970515
1.1131810919676404
1.165312198855801
0.7363999606446526
0.5199293663587731
0.6057252028999561
0.3601017590704609
0.765311772641502
-0.16053525946000072
0.5470779437076151
0.46179421100126433
0.19920889987718282
0.5695213148683785
0.2529028423498757
0.5078560856197745
0.5486562485810262
0.8358137445320644
1.59327654458009
0.6170273132317002
0.4372666119411835
0.7145812696295848
0.7975268398707649
0.988470165834085
0.3753260316873363
0.5159535391389581
0.4383324674774012
0.29400266758282156
0.5061308609827356
0.934269887777241
-0.03581387557464546
1.3187335018003858
0.44813572242846433
0.5266774053450731
0.471950691994742
0.02510746016316112
0.24567335139492885
0.7046996521997623
1.599038629615005
0.5736876197236388
1.0794844429890464
0.5689851012470531
0.5175201442133096
1.0975637110071295
0.41065247868762067
0.33790866074790465
1.2901412493683353
0.45107739945359276
1.0600672350756228
0.5219045299717481
1.5263782020572698
-0.4174800841755162
1.380806893375344
0.7881533319556208
0.87835003073647
0.22171720027632827
0.8988780433448071
0.30720040739319615
1.4029820623761209
0.7528351433767911
1.0563353494061132
0.5915206171615424
1.3110449203322212
0.9165489215731139
0.7989835787168591
0.5831501510767687
-0.006307529366608889
1.1497831286365587
0.49637618824599294
-0.20271478161034184
0.5597963837317457
0.7372436036755902
0.7052512843106431
0.5560589867929204
-0.1362567991506941
1.0432967893314136
1.1706324563368238
0.5195246973593437
0.6102522283055348
0.5794385875222737
0.7533105875872237
0.5554199434482856
0.5277888645804081
0.759488032081343
0.43431095458801594
0.9612997003235441
0.0870678291524667
0.5112742525111554
1.1151306305292419
0.31956983817104484
0.7249398440517524
0.049072831524411296
0.42447714666231023
0.5339942280535023
0.5723351286308597
0.7843412751152122
0.741677616952246
0.4147696477939378
0.3205532572680274
0.9691090802341478
-0.42907343804111225
0.5190739074185319
0.11629779218938419
1.1461982293169775
0.7989800147771557
0.28329482973681847
1.6383968356986254
0.6766843461286444
0.3143616339813719
0.6298798913430909
0.8213156532389144
0.2780412037020579
1.1467505416359765
1.3536595629260832
0.45139764743506944
1.278393281894057
0.24163785795967338
0.6114363220808876
0.627360030684221
0.45787270192366547
0.5644414954944378
1.1469545005062225
0.5828941823189303
1.2437220136233365
0.27455596437428936
0.906447723138787
0.37112705737143387
0.34266126380980516
0.2781788926593504
0.5002334716769841
0.6283249521728381
0.7402092707695141
0.9406697526261767
0.460676302742774
0.5688326218973349
0.5941502189842757
1.0010903275422958
0.008663583929832602
-0.5120880511764182
0.30996362637583225
1.1365102041539952
0.6451514289977641
0.026893961224355684
0.5371901391018287
0.8864018799468153
0.6915778196541345
0.06053484322441168
0.523052718418416
0.543541155910339
1.0083265360158653
0.7134787755427382
0.9066327528769702
0.5400134764792764
0.18625981785720733
0.6664301287978674
0.7131312203534943
-0.029799813899266798
0.1455220687418265
