0.45606382269798035
0.17718160562445237
0.6972942406608311
0.5593550119308508
1.2693481778063285
0.49874050593725333
0.15629590748992533
0.3915260577673145
-0.11051060802557754
0.49909644615606874
0.5865787028704789
0.7751891159701941
0.4126930955865422
0.699402729315039
1.2539108231451124
1.1646953349055278
1.1322573952700197
-0.11979347253301696
1.0680734263586322
-0.23041847183219943
1.2776184494859177
0.9948597245192233
1.6285475008551435
1.0974952066047448
1.1445037633677837
0.48997582458829325
0.5433550014011457
0.35280763183157693
0.5357939792362342
-0.24594509604467615
1.0956194648650461
0.405274091448794
0.5675602878589086
0.26638633378475984
0.12237357400338529
0.9215785134242616
0.5640827870348046
0.30007459133346376
0.16544779737588786
0.798819813774699
0.0732112138357905
0.1262795951031929
0.9286724397171547
0.6350989349711352
0.6626620810358672
-0.09128133802655769
0.9754537695160642
0.6243339961381223
0.9518137203451936
0.6489035736693772
0.5979930645518885
0.2863021998180223
0.5053883513669598
0.39798899718232006
0.7643595341500123
0.7194554919746347
1.2714007022775098
0.0937591838451407
1.0105743535290204
0.5836583467657244
0.6511016602107942
0.5073793559375958
0.5196336726588754
0.3810661625091842
0.7217416092444103
0.20767464811561287
0.5000492084424054
0.7268567545743257
0.9746311241751752
0.5875716605177007
0.8592030345773457
0.7385749411734893
0.5984273253055643
0.8946253498311472
-0.3153870992342002
0.6127911409115038
0.8189751330800533
0.340677059803975
0.43387791802714687
1.0033751628834233
0.5708373349308656
0.639530521290601
0.5363583592948579
0.7287564011216635
0.10990224409101719
0.2960359881818177
0.96735238592531
0.29264991839134585
1.145105733884532
0.9076403311006224
0.4107422466052631
0.9335191146461282
0.7557797921581314
1.6806771323412253
0.11842922613094764
0.40999443223577936
0.5627967597525069
1.439702977916329
0.30437950164602223
0.9495415465705248
0.41179044018943034
0.3920124409625913
0.7275537501065221
0.6175720111364896
0.7776040141187052
0.5069359043469183
0.6856503086565522
0.6248174503218776
1.935055831397739
0.32263121748424745
-0.442159291825982
0.47838691246196835
0.20462493900200554
0.5521914091957858
0.6695995761330589
0.19316938506920459
0.46236629281303804
0.5415389267833782
1.2662838277540758
0.8388695783243431
0.6186827134070462
0.3480596558313331
1.15603326781366
-0.8438112988628204
0.17552245294665034
0.32475279180970473
0.07304028961139546
0.18619903889816905
0.7595572820540935
0.3915701409546703
0.4945103596227159
1.4758312080210299
0.7559746333528508
0.6737360929654113
1.0143306763182043
0.15146967525951163
0.8398742654072412
0.6480143900025163
0.6397788135727915
0.07967412567369873
0.7242303250387317
0.09532479639975329
0.3021495815670709
0.4195914780186623
0.8854178031093533
0.3732047433673957
-0.13868407602991853
0.3001536726399346
0.6953844301852352
0.29988305880515637
0.4158593733044769
0.7582115951463785
-0.2750995423486778
0.7373439629443711
1.0381028796288965
-0.07157072348955396
0.2717331803046357
0.588976629787393
0.9535447576985688
0.5011417143218289
0.21256061426379239
0.6245482679874717
0.30940940873844447
0.01222744862627677
0.16568870360383978
1.3604498588166278
-0.0930055936892616
1.2033381152420695
-0.07557072440805741
0.45807115462168957
0.1835154215468642
0.3439841603217118
1.4897109969073743
0.4287447647680424
1.058454619444306
0.3713464871955814
0.8553507755434616
1.1258727093815768
-0.1896102435915068
1.3468743600954316
0.4915401696282436
0.775425610823533
1.1788820900170784
1.4659235035131786
0.7388163254227331
0.8538638502905421
0.3661569299964033
-0.23652023320826154
0.6105193444464981
0.8747491356932078
0.4193567423385865
0.28603607214965204
0.14846068914024943
0.8596271536063026
0.44704057496772287
-0.06603010867500579
0.501055616282761
0.5548358685308822
0.7702008742494781
1.1086271595129553
0.4321857593574007
1.4455940695300453
1.512109621604118
0.8065886525460341
0.759083030610916
0.4871438857453849
0.37137721282508207
0.5009037525024099
-0.06284801640923528
0.5820684044811961
0.7220099295633888
0.1521106602358945
1.1404832212152856
0.8840456422080347
0.5524138852949969
0.40083438561860385
0.39645957917093666
0.3513951872003323
0.9028927305861799
0.34334452069178795
0.2736662964192693
-0.18834364091248515
0.5884698521228644
0.8656425020969237
0.8693217469039612
-0.11115807647689672
0.4218623237691779
0.7785172974304778
0.9430816708158228
0.18533689794863703
0.06285615563959103
0.6918208464526602
0.14754332763233333
0.4349473751176693
0.7099632910071709
0.3496766552808081
0.17659225870858744
0.9496500491235226
1.2224744059537949
0.29067210210127287
-0.373424950589239
0.23362261918857255
0.219628055126
0.32857605203840995
0.5069145808625257
0.12079659427703388
0.453646787861749
-0.3015827903675987
0.4999469958906328
0.17885226710724234
0.8800186591625819
0.49693951353114746
0.3855163320879804
0.3321203284725738
0.6284778143365052
0.3201061476245924
0.5821743580097369
0.6770072406648019
1.0769311638230137
0.48306515542824013
-0.9148415265700854
0.369626626617477
0.5468121888198518
0.23101295965295532
0.8219063838129288
0.5405436736464958
0.23186171430492786
0.7000005272471758
0.922673496065717
0.4400272187791634
0.09967868695362503
1.115580719499058
0.8005438248688955
0.4561915259011544
0.38198371179233187
0.4750138071114794
1.0465018771692771
0.7288423841255721
1.0150320097403513
0.8013589052095215
0.46753204830880546
0.2782486317099567
0.5823734046691272
0.41243797174987057
0.4431560330029718
0.6555676283347528
0.390352348479344
0.35794234972759725
0.5650432975486979
0.8087670184683161
0.14507765529749697
1.2298649376102415
0.6360197061114726
1.389934071806559
0.7035870740938313
0.13934986638886437
0.5652193552404642
0.2747256342194601
1.163555570875418
0.7937462507788414
0.04286768677385475
0.7412576904287139
-0.22443917459219362
0.9083623380628069
0.6705076987627403
0.5611363126409808
0.2572122001155149
0.4038281408978763
0.6247957416860389
0.6660823236404682
0.767251483260099
-0.1109847748282116
-0.22271668957999866
0.6819673131687626
1.0455639084317125
0.9503144422417839
0.4254130982315563
0.47858486059640154
0.4959311392680639
0.5895680437052806
0.43187576901512476
0.1936761661851877
0.32855379011134983
0.8016610635651403
0.7392349475315118
0.7037607210749028
0.30596786657249025
0.6866698549528653
0.3079279402651109
1.6504920417281845
1.024378356379261
-0.08074786457762771
0.48760138717514323
0.3541153958067507
0.5983483645348332
0.5306689153326384
0.6367788486533591
0.7868351575341205
0.11982187977328829
0.5728721522311561
0.6956689178904853
0.28157998016421243
0.9042675197660377
0.5919621831507619
0.7317998452066855
1.4812645484309004
0.5912234219724869
0.4305995821168817
0.8745551793957432
0.4136940625931598
0.7131690998997914
0.39950873903942563
0.8282281504480112
0.6583596466157683
0.9597330948545885
0.4473633160892779
0.5136623222603818
0.10806744665913805
0.18573913097005898
0.9370241007794858
0.6052664659543866
0.9347300538784373
0.7211482466592564
0.23615255011774586
0.5892494410033642
0.21116672953060492
0.31384481780122714
0.5207526828192761
-0.05683949351106108
0.38898925901876263
1.0319555509386482
0.4861317146495987
0.8395382284364042
0.6295734935868823
0.2405050548021934
0.573583682421463
0.7848255775245186
0.7803474608265185
0.23051444863503132
0.10487075020985707
0.6573459360666294
0.2777379336481129
0.19845492159413625
0.8039062123152315
-0.1327599850940301
0.6950414726118068
0.40733952828353664
0.952587317845157
1.3461610736016023
0.4562542292591716
0.41763978370576976
0.25054838281460595
0.3198783643948427
0.09714139619491331
0.47590043687729605
0.31889260897461563
-0.06554914615466567
1.118101499424882
0.90253456922934
0.7624158738121388
0.6647043517149053
1.0827707531857098
-0.16489794098735935
0.9496113725130321
0.4778207872227489
1.2716342129394993
0.3549206574665247
0.20160968649269906
0.4616485469417309
0.49666084872296473
0.09558519564373617
0.9926947935864258
0.13225542629854647
1.1425870503323352
0.4919264165328802
0.6485383119244118
0.5394077355614869
0.44062119885955403
-0.36070376464092196
0.06978165099972101
0.4484646208855903
0.37546785010710915
0.3885808560483987
0.8285672542250238
0.77783989299415
-0.26139091061427383
0.1788332150886315
0.8879850268435794
0.3245052332433575
0.4821583531148967
0.570413070403368
1.3168854164076846
0.13911993137851725
0.5750456129883053
0.5048466285565443
0.46978057320586925
0.23404410102227022
-0.12958330606877164
0.6240453335037929
0.43914275103389144
0.86421489990506
0.4759188230367153
0.8753398955663169
0.25389516503295423
0.20490902390944762
1.0072466811894385
0.47388210517326607
0.520032194079968
0.5830653296499054
1.5002018335150868
0.04414953250386041
1.0608745674526263
0.4371617867926177
0.49914669173217857
0.37002572927208693
0.8445693112588186
0.3508745341000776
0.634848194412659
0.5435326393441345
0.8554828283681456
0.7154675509048066
0.5024342807866697
0.49002689153385587
0.7645170070509898
0.9841077652477356
0.7330828426617525
0.4641434941301101
0.392368198102111
0.1431352960735153
0.6726795027503294
0.6787068167853075
0.7704979837550169
0.8619655443822282
0.527450272024584
0.38732420678586954
0.9415902329490121
0.4790897988103628
0.5126443670343395
0.41604829508099805
0.7373461266377849
0.247674700260212
-0.7443598960139579
0.3907940514112225
0.49281940627457715
0.3221592112026772
0.20383970836001006
0.857988877369657
0.2513454986698241
0.5372216312655868
0.13750819749073317
0.6549865676578311
0.22938503927100892
0.6119266489446016
0.7249709312401039
0.6658074594432567
1.3202782036840366
1.2315384406910288
0.4946645624847183
-0.01419869374426865
1.2162281202454135
0.39971945380614793
1.093188496357537
0.7140845386925897
0.5271066380018395
0.4404667752964178
0.7621183377298877
0.3069791962919972
0.16047901583026625
0.8210624293106359
0.46895883653125864
0.5398921487620546
0.9088888831774761
