0.49066790828565937
0.8124807989594239
0.25214174516050436
0.9734107194127589
0.39932967314507034
1.4615666167119565
0.2556775284360278
0.9582851299301516
0.10282358773190255
0.4199721872702611
0.8484252568606747
0.1411984877090912
0.37646782112581745
0.22499618870596985
-1.0282309509612022
0.745478013533572
0.40271717540769086
0.7161654493154104
1.1331683081840975
-0.2778318090545976
1.0439109208152149
0.341261630721629
0.4340078393767736
0.12084966254494267
-0.5139207330634592
0.0826984050730466
0.8817319412954968
0.5205660195753379
0.6388279662464189
1.3372243317798158
0.5000348626912471
0.011591138046255148
0.7770211732248024
0.06518587253765994
-0.45395853469377534
1.1093585348536854
1.300732932596494
0.760018048645089
1.1147518887109285
0.2038785761213835
0.6560546990759198
0.15645598167436428
0.7792106915781402
0.6206838862629026
-0.11303866739352901
0.4468061764765483
0.3997572523086362
0.5538377878010768
0.39226928965511965
0.7546675054258589
0.7345912016957428
-0.024638162677947068
0.5710729164677885
0.7588843735774459
0.6952612005159882
0.26927940359654134
1.1600123537788043
1.2903104299553791
0.15393330174350991
0.2509813960638409
0.7618397393668915
0.9061030475462285
0.7530363837499833
0.3931629459207214
-0.5487635657545368
0.5495699964418069
0.878780010391543
1.2549491152822239
0.7327970606095846
0.578377983710716
1.008260337168748
1.9186452992827316
0.40075153863883245
0.5862474883458145
0.6528396527842704
0.807081995095457
0.23907575930669234
0.8391381756384585
0.7106820183576544
0.82725783670457
0.7930486898338187
0.5722501910317676
0.33070018218217034
0.3746045457969056
0.489397984073058
1.0998793317391453
0.5551899398357135
0.6631513628004778
0.11177603074453986
0.7627960217494573
-0.03024926712934839
0.8062770579966204
-0.04141088524788264
0.35671499706951665
0.3950777596297738
0.4187365349148795
0.3790802325037666
0.8714064790725735
0.4170156939603909
0.314570699855968
0.2231670543483537
1.1381942998686119
1.665790662957087
0.1633103860362857
0.5645069517392429
0.9921896141849484
0.6081831176019522
1.084341422709844
1.0856117488357195
0.6137109655461667
0.09166667010585294
0.6239809398286461
0.5260247167512174
0.03976288643489176
0.28629267934198804
0.6247656520813709
1.4051083100788977
0.4906321317518622
-0.17792223433741672
0.7211707414135778
1.0901610593327005
0.5905030456863776
0.3206361839266288
0.3751602684511715
0.6310706275670503
0.13217499911335734
1.5622890242030003
1.360590745987734
0.9864411460245824
0.4524650650781293
0.595190157885954
0.661693268168642
0.47099971745881625
0.3976459266886991
0.8367844018082652
0.18447155547043
1.5218415006305355
0.33839016137485894
1.2639191941310466
0.2174758702386929
1.181164034297983
0.607778853600272
0.5235458851312884
0.30911652283648666
0.5766984465272993
1.143824946159834
0.5228714167334972
0.7846288166035081
0.8444377322084579
0.4657725279542473
0.9021362323305134
0.687247438473782
0.5272115817801474
0.1817762062259977
0.4650656220067124
0.8081829603104883
0.38786721541361485
0.7837474836336007
-0.11186964744228932
0.7449881192072038
0.4675218182260897
0.22484201113968538
0.6475955237829987
0.4335940659388548
0.9797005933623816
1.0660294208051233
0.6300847499039458
0.9551094760147252
0.29112659794318296
0.22427885341331952
0.9330645024404159
0.4322739810506849
0.41435111865041413
0.6113035309289286
0.7922606447493806
0.5262425390527707
0.7823785361812455
0.1391428613213173
0.6494242785006734
0.48195130408100867
0.7072899077845239
0.6702029927349877
-0.06868572924778459
0.41283688003124436
0.4943537602929249
0.6880707483087768
-0.03781578324450079
0.7080426135384964
0.6670932901366604
0.041000344159218494
0.801526881288158
0.24017427958057536
0.1791637362944228
0.37476368349139594
-0.23086353181457123
1.0730598871755423
0.7561509814579933
-0.9829428044671132
1.3033299442809305
0.007510889542467629
0.558806919784129
0.16947599054042495
0.8329890375213717
0.8741748235574421
0.2911407034019724
0.40987054897761466
0.8511885243608255
0.9757313767042574
0.2579281459290582
0.3647930544586065
0.48909182852107397
0.9157243895590378
1.23307285101736
-0.4933136897273282
0.39971484134384894
0.10931169625407668
0.6651652426773494
0.44617955797832476
0.6191665487862844
0.3705159563943708
0.4627960962096118
0.7155864012161611
0.3990521501243604
0.8466981202936501
1.3145314733173186
0.1125097306974301
0.5844681775240091
0.9543592089979138
0.44846952288365394
0.36447930471590356
0.6872881934265135
-0.20936339288275493
0.8199333812634421
-0.013924286821349342
0.6486698331773687
-0.08732456944803613
0.4667864785183568
0.5955586592979216
0.8782301250764699
1.2334047709627434
1.1843690138909975
0.7781497153039937
0.10310566144611814
0.46113430936766625
1.137761519767814
0.6665461823438884
0.48510322765219166
0.3089610497037601
-0.07052037225764003
0.06485170436606295
0.3233536987693486
0.6799852614138059
0.23396946629533696
-0.14809744534032046
-0.8836023013004772
0.9630296457906381
0.2581315872657661
0.5695252052591914
0.6205234441366038
0.8781813121938589
-0.07109908296500746
0.4023334190752574
0.7964438824175528
0.7418798746212998
0.0702705457011001
0.4577013750605264
0.15149705469839633
0.8421061471702441
1.1113452451970882
0.4639078272947834
0.29166793420797715
0.5933748827804014
1.1362329612506
0.6006457800782591
0.37002215232158964
0.4199965045181598
0.21871202295236666
1.3008088882217361
0.27065869469276166
1.3277839761821362
-0.08513141333235526
-0.2968585598124687
-0.20806738295449476
0.9215249412137226
0.314981588048964
0.3881628105110138
0.9800271917792299
0.9607643537844269
0.536287774147154
0.9821793477614253
0.3374767310647557
0.7784659280696493
0.7625775890460362
2.1098137776873087
0.01666127480336514
0.594694380399118
0.7870985759382294
0.813982599757583
1.5397107054742458
0.2905603156018825
0.22268148717006156
0.5294408049908498
0.31679655323729244
-0.1406930038457933
1.1267795215785508
0.6338219753649911
1.6663242083235354
0.4295084823418189
-0.059445384670429625
0.1529168447809646
0.1734929676538491
0.6884673870083247
0.41238468425408703
0.5360036814613893
0.566407597829278
-0.003281284122389705
0.7305454026263921
0.1593983714720732
0.4307942631475912
0.25825031804893944
0.2835115928753363
0.5212014251420597
0.8036095557044916
0.460265207138903
0.8257646628337447
0.6172565984189068
0.01717725457247965
0.40112885100701384
0.7536348929397705
0.4176472833162243
0.49332639929982863
0.3510036526877276
1.0105021302235666
0.8527616666342396
0.5080227683933444
-0.15368423847581944
1.2585908002976331
0.5433230619912095
0.14239225787328846
1.0413301770121723
1.253406460182143
1.5121564184457867
0.7318680659629365
0.6643960839407598
1.247967687141245
0.41964139059496947
0.6783709967648778
0.9494310330526959
0.26201792508611826
-0.08663523760473173
0.8420619436393784
-0.024366856437120415
0.3795972936657457
-0.30491214114156223
0.42292285703139876
0.727795086940554
0.2767077911334694
0.524274080891747
-0.1936730617923057
0.5464204445635813
1.0877879113978568
1.309896506177052
0.5160512614400017
0.7170670697491315
0.5168583323118218
0.6255566138057841
0.0045577967214513555
1.3744370496167162
0.6649376177198002
0.16181113753749277
0.9268738544921344
0.5036527545260493
0.029875932042220065
0.15902146518431035
1.4356032546933701
0.38266815080348304
0.8506221092975211
0.8498767068633759
0.42888337198847887
0.2256645111489907
0.4745241438580246
-0.3367387191195422
0.35857822288058344
0.7574809033084605
1.7419533204941622
0.5268779280359551
0.44563547818775
0.2524024043976229
0.5643194599465552
0.21745757597769544
0.35941893060825986
0.35586909201883454
-0.08955475675325042
0.9361971229112728
0.554973675526329
0.5665943465964112
1.0569894858657871
1.298210269981397
-0.05618621107571751
0.33716608860350544
1.2415036259028334
0.3305131515605434
0.6846641609059477
0.5207028580842165
1.076179971531918
0.6302203138057404
0.5226597081202212
0.24028225650273213
1.1171481454897976
0.3447984895691285
0.5386238791178808
0.8944393506289873
1.9071454038487197
1.6890013243821835
1.4740248021990219
0.8421228435623923
0.01399306098269859
0.914394938755585
0.974107922886695
0.9226747976126054
0.20104724922991787
0.754747862111103
0.23758906243893044
1.4060060761752935
0.9494552570671643
0.6780492558052531
0.7777748626342574
0.6228249479783073
0.6361470588044368
0.3333773049509274
1.0593305556618384
0.09531436185008246
1.1300797908918614
0.38132642406474665
0.5062511441305303
0.5897955948372314
0.6028475836919677
0.7623510263152161
0.04530104294875784
0.3371208146409128
0.45752499135513564
0.40161857373444776
0.055369053143718504
0.7735378986171287
1.228877965819189
0.902645376521348
0.993828010299763
0.5470052211726635
0.9542731562055821
0.4589510540156254
0.048149539843039636
1.0492406082733245
0.19608854495353234
0.5128640706313479
0.3927830715801946
0.18637505796507522
-0.10069364578458828
1.3131391066783735
0.6910113470170524
1.4477821421911365
0.19795324766883804
-0.2026263839593154
0.6803119834927394
0.5031542738371766
0.5593091868851888
1.0732840079679176
1.6292543239207837
0.4889444608260367
0.9566973883601072
0.24977550951580776
0.4616531584612444
0.9075419799657789
0.020233155132935166
1.0585077857490988
0.930239474591365
0.13717151940248254
-0.03563273874502356
0.43784275447798526
-0.004154694737868614
0.922758985752572
0.47762461065778794
0.2708639586644976
0.7714265712304922
0.5762571090228737
1.3185236149166455
0.7138944914389637
0.9706788387951768
0.43870104308997576
0.7823441074538625
-0.26920743390516094
0.8377535458250985
0.46926310954821443
1.6776652197421258
0.8562527788824167
0.9423336355844895
0.022274086451924007
0.24522339785815958
0.08602528000293967
0.20946623774263315
0.27594282008623977
0.5405178685660272
0.7851612734421453
0.5308068445707118
0.7516192248518975
-0.06238489256897332
0.8631178535227035
0.45522655716452376
0.6112858186375932
0.32921624812323863
0.7610365602569592
-0.4318383972762234
0.5467443452537842
