0.4327803180827363
0.9455133750279271
0.8967754954382682
0.47134695958310097
1.0864021637448518
0.6004842668157955
0.6267804074860072
1.034168276293168
-0.10945462187678323
0.32808836381788437
0.5964132846744804
0.1951884436579057
0.29317554979482036
-0.18029316587814104
0.6513103489665399
0.7753618556342792
0.6717171420935318
0.6624687053145162
0.40582686317043354
0.36727835703323275
0.505034446940081
1.3145942935199402
0.46880379241137815
0.28507937351426954
0.2238165098472887
0.041508884191423935
1.2807529874455228
0.800678260633399
1.0177542397596142
0.9953268930660898
0.7803261671292634
0.3107868885058461
-0.07276708315408453
1.4208043864425235
0.7923637706610221
0.26297441519745285
0.8914459454236514
0.3569828588218553
0.24478638262927954
0.717163086964054
0.0970391436211932
0.9389642427806639
0.6901140166345602
0.1750127162563245
1.0664091094862123
0.10096427948999631
0.5526671490027525
0.2202914814956515
0.5877089034462833
0.11333845888616866
0.9070800385421238
0.012391400229471003
0.7341550498999517
0.8335209430262611
0.9049214431941737
0.13576612534831448
0.4029221819349378
0.4717748615964448
0.48863124840193944
0.5595476490593495
0.6110762465223124
0.597470713931554
0.6516077874544219
1.0893274451421588
0.9907049820545336
0.34569903205373437
0.45991172881347836
0.32364822794340514
0.36836313904657586
0.6283011114384585
1.6687791250863937
1.1653053761928738
0.30469979941435454
1.0618362292767094
1.4282180869991599
0.6964313015094009
0.5595394535854398
0.9007085317403197
1.1633080154018598
-0.16346825661551326
0.08132672762532342
0.9683668285478481
-0.08978582746142617
-0.15211181917455638
0.8776126099284114
0.5723582844574897
0.06554684782123424
0.256427031216273
0.06787346442666507
0.14807456251930967
0.2071140959250719
0.502753924256576
0.9504367857070365
0.5654797128010397
0.22587702983247085
-0.15423188357151682
-0.3355120852472364
0.6913024702278974
0.20946593910778966
0.3803018872457948
0.734007347930061
0.6301970932705206
0.517769542270324
0.5052539698276887
-0.03477667011474624
0.9047802182518906
1.4194140934430635
0.7622272767774669
0.3245771255490964
0.3604266849785662
0.33320476639109076
-0.20444840944829212
0.22632035282335874
0.8372367105799817
0.4758596742648054
0.03889110405794841
0.7656357699089829
-0.12912153535597165
0.1961497198480973
0.6233231754648136
0.09537260014002218
0.5344790018529882
0.30837535268786836
0.4414425126081247
0.3218948379856041
2.1866985823403664
1.2428877727239265
0.13995002968250167
0.5518759716825131
0.31195698839555797
0.34444781405116137
0.21343628225935662
0.1464809677213565
0.6730286712112533
0.6319063731031688
0.33830206511859084
1.0903367130857788
0.4180655783861773
0.5690976737045923
0.3538110791509297
0.1512244397745034
0.38937357276095685
0.5879598285329667
0.0028325271535998287
0.31516585013827136
0.28472974158382286
0.9004463316588386
0.6143800851991035
0.8458736541761853
-0.6275699554807314
0.34341083036988934
-0.2961471592509433
0.598440527413342
0.36920588783437464
0.6475183859827437
0.3653542278098035
0.24047383321789503
0.4425016873288105
0.03436129375465718
0.486132546997756
0.6217682909991255
0.6258572971779345
0.418415331793427
0.5190295487264048
-0.7502987231959896
0.3646420188577464
-0.11435005552204257
0.6601459453205515
0.5565165812906002
0.7134000305744448
0.20715934617407847
0.7327762108974394
0.9062856020007383
-0.3114538282831743
0.5799348518194836
0.5971205079197178
0.1382503203074709
0.35982232922075424
-0.012849041670695125
0.4295574997069343
0.3100842640108857
0.26845798751355315
0.8049745721693801
0.0572160530661806
0.5193263704845026
0.30461338234944063
0.5320377231728532
0.5180909970901314
0.5281216034538959
-0.014140050150189603
1.058373571552707
0.11211385084305636
0.9019637729218951
0.6775544034791804
0.4621679843275499
0.2726218100999045
0.5326768955082392
1.0828319429185562
0.12638287072697593
0.5438695424980535
0.3927911554853005
1.3936708727767737
0.9439657917368997
0.6402103380530625
1.0171450641411262
0.5856834928222902
0.36158284209421593
0.4358836445659749
0.4921706814993379
1.1118304431096642
0.16087813461059655
0.6654798572959777
0.7052217447435858
0.4604451358737973
0.375783058441179
0.813957945029716
1.0422073439614128
0.46376550033525615
0.618812682330432
1.2853671556570532
0.515636061288403
0.32639214757919083
0.9619971520656231
0.811015283321347
0.7745902408622469
0.5693161300751755
0.6056888244279258
1.2376420200013512
0.46239894421302213
0.4362884869891044
0.8828886839153799
0.5484138347359825
0.2376434236480802
0.31079184144026034
0.3319291586097849
0.9336196895917411
-0.2640347455666743
0.5112974606554938
0.6236455955891943
-0.11745611911918552
-0.012729307134058695
0.9251158616342477
0.848466860299172
0.6559034266082683
0.5335123640574841
0.5329346283511264
1.3853246259747822
-0.2829132014466947
1.229491197523283
0.29234466489912714
0.36136248329693993
1.1611016608568996
0.7012100225024492
0.21922407639777175
0.33409703726128276
0.5265463904004283
0.873124567182721
0.44504579552505624
0.004396650466725623
0.30724747349028514
0.3489284366692129
0.8586979331244075
0.48811229609050694
0.6282094773002217
0.48236915047793344
0.6885880278509613
0.8721422851586671
0.1510478526025566
0.4375253526798704
0.4414574668022699
0.6921121217278382
0.91397989135976
0.1795680478842796
0.0020588642703256534
0.2037126753406734
1.3015126693571737
0.07808993942734034
0.5708012032420954
0.16846337493650657
0.4284463049194442
0.6868228653615489
0.5205294581027005
0.1513085533691232
0.7081902874501899
0.3264342738408386
0.6886895492417294
0.14845541715654484
0.17853688747883512
1.6905036042816448
0.9899892971388716
0.5047808395518182
0.5781907272737589
1.6902541125701618
1.0138010199192613
0.7302753695640422
0.7632657663153698
0.6528108495627848
1.552922044071362
0.3934744110793846
0.8583341399213151
-0.3897628827915777
0.4931440942842474
0.7570688189892959
1.0455179827394316
0.3492919957044913
-0.1818804377618685
0.3065551247976867
0.6291932084587978
0.2814858017599691
0.5149234262187941
0.38363675409542325
-0.01678093604508586
0.19827511560425806
0.7970407546746884
0.6283112545962709
0.6926914952633249
1.7233457165048478
0.07404919662480906
-0.24309314746314506
-0.0825197018386688
0.7848932565003025
0.5187506383401929
0.06744775024360548
1.5569078526607363
1.1734288290251202
0.21741398790829114
0.31383904470965057
0.3999503778693975
0.5992394817508648
1.1519651154522073
0.9510373973901162
1.3638788349424387
0.0329825390521448
0.6191854483307285
0.9073085460501868
0.9517226726387195
0.6675431430830292
0.32657927883903426
0.5592009373473336
-0.06183839166439493
0.1889940148299403
0.5728397457446883
0.584880873742189
0.6546837796367054
-0.01629666825154885
0.13258182134183777
0.03248362753695626
0.45963698123160524
0.29005229924251563
0.08237025699141648
0.6190727476198487
0.356489734692127
0.3134370874411205
1.0329853131505446
0.08876379553947251
-0.12200232651030309
0.5786802680295895
0.3682920651345682
0.3042831255123327
0.48566950365176903
0.3903982555014563
0.5210164537558942
-0.0296399387897798
0.7589625746424575
0.5031977095263173
0.061312711541519814
0.22681159866309886
0.36047905832426813
0.9586171832659911
0.7259610107974157
1.1416875819039527
0.9112364169356338
0.8578988404564489
0.8989349392257475
0.27900062134532466
0.6375906381624118
0.4146898438058669
0.698444024760839
0.3420295490745384
0.5006185829068605
0.7883798165474912
-0.03835519606616274
0.5485579765168823
0.3845352105908348
0.3600453714127569
0.6612339916518718
1.60145380263335
0.5855288723701025
0.11100952484794151
1.239958171425513
0.8528063884238302
0.7139539685124215
0.49288704939118216
0.10037777619958906
0.9377798071044801
0.3928884891095701
0.3486266338926575
1.1358110878942937
0.24523279662779437
0.6620842624717153
0.07444642483002965
1.399761982233273
0.04184500832138691
0.40274925254643695
0.6474390149892967
0.4924546295126733
0.09794199797368197
1.1806210690310406
0.529641231456548
0.658350920571965
0.4076737087037923
0.41432000494445625
0.8401864885285395
1.110078563092706
0.3394175538790614
0.6157377748134212
1.0650873492442672
0.3882830029673337
0.39838618899273937
1.7047185617428486
0.8308646606795088
1.2766511280922404
0.5982301618395341
0.6443319624679255
0.30718375869899334
0.5841554417541278
0.16697195901074294
1.3041517758910417
0.3374776416560672
-0.25092560426421345
1.647132553266025
0.0904311053763121
0.4308838722228819
-0.029762302397540408
1.12591606655481
0.2404594480075175
1.212229798723407
0.4714866060908694
1.491910760449864
0.9291500805806722
0.30808889455933736
0.4763552623303275
0.5445937338748849
0.4642905023853869
0.3303158892448255
-0.01407920044961388
-0.08134370126850753
0.5830553854550439
0.7743102258091578
0.5405847479717215
0.14281244263983484
0.5763107767655001
0.792175193116993
0.42430034994003324
0.5197954611070329
0.8912460510720926
0.5228662221256125
0.47334020151268463
-0.3133184614070439
0.2503658817308912
0.436457679995585
-0.12431528374699781
0.5009121588280215
0.0971154471943551
1.4412385140688517
0.5301350419934491
-0.27090660596886423
0.4886001820245444
0.5248262613173221
0.2240132670001477
0.2814091509246297
0.14962463135488
0.30220243199679514
0.8012709547896715
0.3963975323770829
1.1831658321441163
1.0559250388144263
0.959718975694355
0.31861475676778167
0.5698505370867831
0.8473054117793318
0.9483703762941769
0.4673781800998287
0.47985397057036966
1.0294749257528346
0.6898644801440227
0.7103223512578479
1.3862883260994696
0.2643337025920934
0.09893326842180926
0.4234590849717348
0.1620969466194605
0.6859249073736158
0.4837208476201928
0.5018656057853373
0.0705507648947546
0.7986646384723959
0.3267758224021149
0.9874615761966864
0.620353504795845
1.0188375950261641
1.7005320440222242
0.8922942912019612
0.11021284660873724
0.693095987869082
0.7532503427556315
0.8947913262860346
0.43341055718835925
0.17761355586368985
0.16632970253848647
0.8721036230551057
0.4458523972364971
