0.48650475986678127
0.5162804938921416
0.5474526888245086
0.2877379886293408
0.44059593755051923
0.5558726315025708
0.04236601045391938
0.6213607220847588
0.3293025592616763
0.33527885696235366
0.3155553181501456
0.8255840157666875
0.5189644279947122
0.48243966736445415
0.27984321192752765
-0.5042830882688031
0.8768498134094337
0.7860160883163001
0.48291299405285243
0.40451381456838337
0.6597241882790813
0.8758663690801479
0.43614685872101716
0.6227547523061158
0.5562880718753075
0.4800145745332951
0.3370315566253586
1.6832968792369905
0.19914530708794945
0.3669455563477159
0.5031170213910837
0.34264546748235136
0.41541953895413847
0.4866114881432737
-0.2410152410840173
0.9137678175529858
0.2469278229467868
0.30992746836605417
0.8987216053801754
1.4142575295574398
0.06349437583562621
0.4120922317503677
0.43373109482711
-0.028955488724453932
1.0504313974474933
1.1858768180020407
0.5337437648209508
0.06787288868714264
0.23443119315452057
0.5634200255518141
0.41287841801954867
0.4307000544586386
0.7153575785523169
0.021072908701823073
0.22079403694078115
0.7410113993910231
0.6534729610357228
1.0602017622522866
0.38810823859847643
0.4275768113537149
1.1421572274605232
0.48113017253281815
0.5560077651267438
-0.09646441525814026
0.799873060726609
0.6901020800590577
0.3498614854286292
0.36650043296232787
0.8200249622489036
0.457666505236156
0.8678591398502805
0.6823749717443794
0.30298888607126534
0.25451876870593176
0.6054287418058656
0.7811651117629829
0.5503820627000523
0.013311641511128255
0.3579075808168544
0.7833530273722263
-0.07542652971118023
0.1825744855402863
1.0647359091073167
0.8869458215320155
0.5406180469410479
0.17253945611447322
0.7929545255817786
0.15829576623855238
2.427256159916288
-0.19782965182776227
1.0558961600130652
0.24214916915028015
0.6368379297530705
0.2964607350537034
0.6194593052612453
0.438850851596847
0.046598216765241535
0.7185783804906994
0.245658464703431
0.4763228699741831
0.6750122906929951
0.5804241580567063
1.7727359433902856
0.7034067554841986
0.7105183008991451
0.3748642857499551
0.8159146619263041
1.2068608379443513
1.4419873406979458
0.3367845016329372
0.263769718889491
0.06955556678619329
1.3098805920633954
1.1211169064206554
0.4632199275642555
0.6209691713738135
0.06599353727560507
0.328666778631248
0.4857719511963017
0.16320458107626643
0.3736406793783518
0.7713731047447014
1.3370461404959657
0.2383524910612005
0.06587498681567028
0.87502550984859
0.7407067345794284
0.5249168821998111
0.6768525437544985
0.5111536230833191
0.6954151420313743
0.31254223974817513
0.8452013740433362
0.16887730729224207
0.5383590086247002
-0.0114134356262706
0.8325758488893361
0.31830339998414525
1.2505137815663974
1.004354481202117
0.8273364550506606
0.8291515349048773
0.2074582716012139
0.4504409653300289
0.047120271131197766
0.9756349475642222
0.6653311360359506
0.7221664785818677
0.6768571403340307
0.8280265861987797
-0.5807342883570966
0.42286599997310903
0.28530769025403213
1.4166752695928373
0.14809541276485305
0.6974647345632953
1.0929348638400798
0.6433388966378696
0.9067421797977196
-0.05208517580435729
0.7422848686276874
0.8245704584994794
0.7515166711117308
0.7623578879494258
0.16451021494328144
0.3438400642897695
0.5975067878201092
1.2577675783944204
0.2780915497796542
0.5464343091755827
-0.6759492334703426
0.9684158016932675
0.9704906264574031
0.6259106957870418
0.5037929577845441
0.7715274691871823
0.6836183574775113
0.32306844226574877
0.2513106109130016
1.253349200576247
0.4701056486594726
0.6122813119817867
0.7125668746287163
1.0913077111671357
0.9024943298852021
0.383950650603353
0.5153442826216917
0.7047903904053041
0.4886618917214427
0.066580807123825
-0.3485497445864232
0.7331660231179926
-0.08651769783360612
0.46510877562794434
-0.21449622606761518
0.730890525623979
0.3626875194490191
0.8737023966308396
-0.13275876149102747
0.871040493547691
-0.21229729426648633
0.5326158033191051
1.0270435075099895
0.4419821486403021
0.1998129724405969
1.1605563434953208
-0.08179463743393055
0.9758404517878772
0.34747689732327997
0.6819987000592489
0.397644081678868
0.14190809270821317
0.884800643114394
0.5679304726065969
0.7348666143488795
0.6656467065675061
0.673881670292653
1.0301460088432208
0.47951126777287995
0.729176611882545
0.25770686271362675
0.663283044798124
0.6397162568362648
0.33229742595632245
0.15478336091332645
-0.014490477129574764
0.23801177011315658
0.040380742828095416
-0.0006850829778206335
0.841692870153667
1.4472479955649826
0.5897943106157858
0.3432502274438279
0.8764382659055853
0.2899761760313906
0.3332261202021125
0.5800823936119505
0.19290531841307737
0.056286130020542426
0.2516974656321464
1.1579408103036213
1.0764549845469398
0.2519481370367627
1.0295428934452908
0.7398132878796382
0.6249441393069121
0.32791104756857975
0.847780688712971
0.22512985343388556
0.3364839654063143
0.1362858059489704
0.09827090464282796
0.8254303648218055
1.0647632369880995
1.0333510331895714
0.7149189577962871
-0.15516919191099598
0.3488043949621454
0.19462885311139222
0.009481736158797383
1.375603940105645
0.3043506578771555
0.014658643776464716
1.036171391603377
1.2281303888339903
0.5919321504978694
0.6560703257869459
0.789078856464624
0.04444744424912372
0.4838548169586521
0.9433971333698473
0.04365764720610499
0.07171210263205438
0.5806710561316638
0.36025776955932365
0.7493070866043258
1.2746350704355562
0.5051722022295299
0.46000485113374207
0.001363779711477701
0.41133141575761356
1.1108656407633632
0.001085139388488282
1.549347172000995
0.8275759447443662
0.09496660367642866
0.5597523194085244
0.9069217455899166
0.8048223399663598
0.4044564916765672
-0.029641364733002232
0.7115955492676602
0.8644773982838087
0.4874586832753988
0.10576615171122217
0.25310295854492504
0.6560035441350287
0.15196544004728277
0.8076523559979449
0.8338174804324888
0.40669758375578197
0.468899890068351
-0.11464309130025858
0.43874900841778874
0.6029378582660089
0.06780382662968165
0.4290684680285953
0.6396985383865269
-0.585753923776323
0.4020575633555166
0.7778262382781351
0.22112793169865078
0.7593937291800046
0.7376469760831954
0.5253925638928458
0.7347250872133538
0.12330238740581445
0.5084305686308745
0.3775358367683202
0.15665434895529493
0.9282098308142027
0.7369062869825757
0.8158244898587781
0.338248985185819
0.8319314566157434
0.31278327873705786
-0.04541665424465083
0.9208599928418856
-0.30764989802071746
1.2981895456849195
1.102725712089186
1.0926969465406202
1.1277848140444038
0.9622860337427209
0.27045476534895335
0.5027410998914682
0.27838849724789044
0.5829115631045069
0.7099046735964384
0.8633026433994284
0.8999132666918254
0.7151135004271568
1.2322983537444054
0.1321953370608413
0.0046692918317516
0.7670599856419099
0.435732046922926
0.7748284128055755
0.024109720701005404
0.4528978877375646
0.2783867331654222
0.774047040217881
0.7136881135843806
1.0402651063860755
0.26650294659600526
1.9152063026063602
1.730761261596436
0.794809804621979
0.6546337345939105
0.48301253803273775
1.7033750482042869
2.495494960643279
-0.11083309400116681
0.8122268405358333
0.7112281221483864
0.7418304707494038
0.7106173743659374
0.2710674205460861
0.1849962778661516
-0.035414164474565184
0.9377547522600219
0.9388645661899077
1.3467403841945291
-0.34086288045728214
1.0231121406088917
0.22624261119130162
0.274465078124988
0.4492471749581464
0.2512474090330564
0.5872605809487383
1.0974453734472165
0.7311166974963763
-0.10519622294112761
-0.4483155435819392
0.9117836019793802
0.0008416339154873517
-0.4532180789890476
0.09908738609518392
0.503546230110583
0.7305199039519575
-0.28993079497272944
0.596833254701458
0.9368767578534345
0.20680218882462378
0.7342784107752179
0.9299262448808835
1.1403978006057018
0.647007360709469
0.993679046746859
0.3625224330366426
0.774353364521366
0.42804972087527876
0.6198012518855934
0.5787738388617659
0.08018304095648954
0.6945660812033202
0.23527141784886318
0.9601151243337619
1.1477760191569841
0.501449820644804
0.5568226381999893
0.6361714318285058
0.7789604890037509
0.3526694816473945
0.3646508052769604
0.7845096199520493
0.6611501150048678
0.18457690765608584
0.19319418002822572
0.392118756217878
0.3151574129084753
0.41153562718331527
0.02735449015467331
0.720674632299226
0.9208986979642119
0.2764461899804925
0.6281623429725887
0.9679347487839252
0.5374182613528066
0.4288713610092226
0.48797190827105136
0.07817926627583456
0.3683611227437842
1.1387927056602953
0.969218935179255
0.1383413968601618
0.7077495492652034
0.8013226246500352
0.34998544632635326
-0.22939991320545303
0.3946996844897806
0.7982680445735554
0.8453847648433664
0.6145353202412486
0.07178903698925078
0.5759920402707142
1.2651080769080794
1.512704206523205
0.21513781151196465
0.352010187759177
0.38344743977543166
1.1909584871615597
0.891838149712013
1.280996600728695
1.516433640066407
0.35347047589362074
1.2368693084993616
-0.05276422120651451
0.2794887618513927
0.6591238342048671
0.4092269113403759
0.4815811943867922
0.5494889892297398
0.9158076278630131
0.8422163025392079
0.8798498359876937
1.424842219004663
0.3623046263840884
0.40149815726286175
0.3508601281763006
0.11019420419497873
1.8272621291691198
0.7995144496028391
1.0009953750824137
1.065862134779475
0.8939618347138961
0.39241899430429966
0.3039769348010362
0.24558005673972064
0.7719423238707411
-0.14226732240054965
0.7124816779054112
1.1644113101126135
0.7808951473787274
1.391078623686699
1.3600041016318782
1.1721450417352466
0.5798141865518464
0.7689671578734146
0.10045363683353448
0.3487400138867463
0.29909647342237
1.0789817287321017
0.17392912507891858
0.39095705587159824
0.9898977885735262
0.6000501695370559
0.8508935767441622
0.4121575548606075
0.7918227527459117
1.5541195744830383
1.556270163256433
-0.043349971937698246
0.9407992518558269
0.005902423874341478
0.8668158980003119
1.7865900710150522
0.7220448767313657
0.18618315867623647
0.7510352050692228
0.7198660848783058
0.23543721049556374
