1.2513341579412827 0.01 0.001
2.5862229502764644 0.01 0.001
2.093583985685824 0.01 0.001
2.1210670976736687 0.01 0.001
2.8611477978388358 0.01 0.001
1.2837700103421772 0.01 0.001
2.855840510856767 0.01 0.001
3.0069428488366725 0.01 0.001
1.628681011382042 0.01 0.001
2.0192855294345944 0.01 0.001
3.2198090886621196 0.01 0.001
1.3096375813168721 0.01 0.001
0.6347587067121481 0.01 0.001
2.0922395794926376 0.01 0.001
0.6358262550261243 0.01 0.001
0.07187988911663545 0.01 0.001
2.469082778215291 0.01 0.001
1.736988267642599 0.01 0.001
1.536126924376001 0.01 0.001
0.8417212526826846 0.01 0.001
2.095915214213294 0.01 0.001
3.539414952921527 0.01 0.001
1.0886745612931839 0.01 0.001
1.3634103110270424 0.01 0.001
1.640758731341494 0.01 0.001
2.6892685730322436 0.01 0.001
1.1545947215205346 0.01 0.001
2.2433894555342557 0.01 0.001
1.919628648912908 0.01 0.001
3.0951128684561198 0.01 0.001
1.639471073225782 0.01 0.001
1.1500114992489072 0.01 0.001
1.4354351644437848 0.01 0.001
2.1805873645508105 0.01 0.001
1.0155635451391276 0.01 0.001
2.5520038490743615 0.01 0.001
2.7584403588848616 0.01 0.001
1.483763373580457 0.01 0.001
2.864164101672919 0.01 0.001
1.2299735707072321 0.01 0.001
2.346513495261218 0.01 0.001
1.5613684959160319 0.01 0.001
2.426179204001102 0.01 0.001
1.4270978342807679 0.01 0.001
2.1192887709207278 0.01 0.001
1.5459678511201809 0.01 0.001
2.6928300180353575 0.01 0.001
1.581322402293517 0.01 0.001
1.778060547154255 0.01 0.001
1.7972905630586207 0.01 0.001
1.1560649409246198 0.01 0.001
1.273076625857507 0.01 0.001
2.2001515030644385 0.01 0.001
0.9465735280003309 0.01 0.001
2.9100795815541702 0.01 0.001
2.6695653551800507 0.01 0.001
0.6853640938594766 0.01 0.001
-0.035616970588539854 0.01 0.001
3.1229847647530486 0.01 0.001
1.4631212736729686 0.01 0.001
2.94803267131983 0.01 0.001
1.820379016429058 0.01 0.001
2.956794774461848 0.01 0.001
1.623241009116281 0.01 0.001
2.8554879026742763 0.01 0.001
2.4843637992367973 0.01 0.001
1.9047236461295416 0.01 0.001
2.7798647433699184 0.01 0.001
1.5269089047083557 0.01 0.001
1.7711635632467668 0.01 0.001
1.499513900141916 0.01 0.001
0.8963845741963145 0.01 0.001
2.3957435181645326 0.01 0.001
2.8112666527271677 0.01 0.001
3.2128978343008208 0.01 0.001
1.469576760994464 0.01 0.001
1.7815107488690118 0.01 0.001
1.9195131982412883 0.01 0.001
3.08704791749869 0.01 0.001
1.9149897227074293 0.01 0.001
1.4812672926281707 0.01 0.001
0.7375631530353542 0.01 0.001
1.1948361063019268 0.01 0.001
3.679008029211783 0.01 0.001
1.3973047107127634 0.01 0.001
1.9711231016778552 0.01 0.001
0.8985896688614899 0.01 0.001
2.621107201798193 0.01 0.001
2.451625170124658 0.01 0.001
2.26924386718957 0.01 0.001
1.3357134266980168 0.01 0.001
-5.538091713166309 0.01 0.001
1.2304531823579588 0.01 0.001
1.00880217493706 0.01 0.001
2.066875892438412 0.01 0.001
2.8094435800435096 0.01 0.001
1.460315277910615 0.01 0.001
2.367166671195083 0.01 0.001
2.1273051524389475 0.01 0.001
1.7330956959520727 0.01 0.001
2.6921400471878716 0.01 0.001
3.04620075303299 0.01 0.001
1.3629813727248683 0.01 0.001
0.8489249639561045 0.01 0.001
1.8921893002969474 0.01 0.001
1.281226621223272 0.01 0.001
2.482113925034524 0.01 0.001
1.97509607315972 0.01 0.001
2.0184049318203314 0.01 0.001
2.7637980935926567 0.01 0.001
2.1795243861963693 0.01 0.001
1.8351565594339736 0.01 0.001
1.1738368845556038 0.01 0.001
0.667695967727003 0.01 0.001
-0.6803172962045828 0.01 0.001
1.4707166013021629 0.01 0.001
0.1094694766474756 0.01 0.001
3.0339871349916034 0.01 0.001
1.9523302002872545 0.01 0.001
2.968129748114979 0.01 0.001
1.726274932145408 0.01 0.001
2.122902330178227 0.01 0.001
1.334408857128363 0.01 0.001
2.077234920575743 0.01 0.001
1.3521290995807353 0.01 0.001
1.792530461233255 0.01 0.001
1.0981775019905549 0.01 0.001
1.9378632160073554 0.01 0.001
3.2122650526167966 0.01 0.001
3.367003318277659 0.01 0.001
3.642376185791484 0.01 0.001
2.7568057511697717 0.01 0.001
2.8237942900416324 0.01 0.001
2.1331875777940694 0.01 0.001
3.2671122878614773 0.01 0.001
3.1499827146449646 0.01 0.001
2.9354261364967993 0.01 0.001
2.9588395273945136 0.01 0.001
2.874537463024025 0.01 0.001
4.858549840617179 0.01 0.001
8.89751023316276 0.01 0.001
2.713023929001539 0.01 0.001
2.6429695034259475 0.01 0.001
1.3282755501614518 0.01 0.001
1.299839402241106 0.01 0.001
3.424411329007892 0.01 0.001
1.7787327493294993 0.01 0.001
1.061810550282804 0.01 0.001
2.2367903860854317 0.01 0.001
1.5288664897169693 0.01 0.001
0.7521934100559097 0.01 0.001
0.6219551576724033 0.01 0.001
1.684915630810094 0.01 0.001
2.620491129006039 0.01 0.001
2.932122531735324 0.01 0.001
1.632490922229617 0.01 0.001
1.296908483014796 0.01 0.001
3.060391435606965 0.01 0.001
1.8157909953766829 0.01 0.001
1.5944951776779888 0.01 0.001
0.5163501301173391 0.01 0.001
-1.8147577235418852 0.01 0.001
1.6690689268265322 0.01 0.001
1.188303419613695 0.01 0.001
2.5821223989826794 0.01 0.001
1.1028408351234127 0.01 0.001
1.9358448477714543 0.01 0.001
1.7873485757103638 0.01 0.001
1.7504131701696821 0.01 0.001
2.6397278182365795 0.01 0.001
1.4296829315206132 0.01 0.001
2.3216964437216405 0.01 0.001
2.370007406967272 0.01 0.001
1.4140743529451767 0.01 0.001
1.5526175184917135 0.01 0.001
1.7671919129744527 0.01 0.001
1.76756223907201 0.01 0.001
2.099733031699334 0.01 0.001
2.973482821629101 0.01 0.001
2.2436837608400344 0.01 0.001
3.4476854562816883 0.01 0.001
2.469677098659452 0.01 0.001
4.408859142113396 0.01 0.001
-3.520923280011987 0.01 0.001
2.2002691707584896 0.01 0.001
2.344890965419891 0.01 0.001
1.684748396570732 0.01 0.001
2.501563822804414 0.01 0.001
2.7541188981539473 0.01 0.001
1.118707674465498 0.01 0.001
1.9218952510079996 0.01 0.001
0.31530172733627787 0.01 0.001
2.1303224592445043 0.01 0.001
3.1971903944832416 0.01 0.001
0.49290970651099864 0.01 0.001
2.068480645209133 0.01 0.001
2.566986521695641 0.01 0.001
0.04231799212736864 0.01 0.001
0.37758362908104964 0.01 0.001
2.956796389249671 0.01 0.001
0.3075968291572918 0.01 0.001
3.4118991398844862 0.01 0.001
2.6975713136569888 0.01 0.001
4.6614013227256725 0.01 0.001
1.4948718786928836 0.01 0.001
2.521613525593898 0.01 0.001
1.458152973250644 0.01 0.001
0.32518447600923533 0.01 0.001
3.0320157874810865 0.01 0.001
2.63815546373559 0.01 0.001
3.671771279625215 0.01 0.001
3.8144459149980396 0.01 0.001
2.8884589034572716 0.01 0.001
3.0605325734450974 0.01 0.001
3.4426623837061534 0.01 0.001
4.660815305433705 0.01 0.001
1.5512050224553267 0.01 0.001
3.4174502309895884 0.01 0.001
3.272295262120734 0.01 0.001
3.398268642291334 0.01 0.001
2.322881433134843 0.01 0.001
2.3382647263715177 0.01 0.001
2.491742736404295 0.01 0.001
2.077018346629415 0.01 0.001
3.4945831689792315 0.01 0.001
2.3068165152964473 0.01 0.001
1.9727269657587165 0.01 0.001
2.3597569167663512 0.01 0.001
-0.2573803794370992 0.01 0.001
2.9462228534747923 0.01 0.001
1.6289605514240961 0.01 0.001
2.1829805844532904 0.01 0.001
1.8152376961781858 0.01 0.001
3.1160413483609033 0.01 0.001
4.127353395922147 0.01 0.001
3.5629059521845967 0.01 0.001
2.553508082465149 0.01 0.001
3.457437577279656 0.01 0.001
3.6586121765271287 0.01 0.001
3.584872968904259 0.01 0.001
3.0395858140549747 0.01 0.001
1.8291696245596374 0.01 0.001
3.234271209315908 0.01 0.001
3.174798602567101 0.01 0.001
2.5402527113424767 0.01 0.001
2.973367152387416 0.01 0.001
2.782114173065828 0.01 0.001
4.9166958531745495 0.01 0.001
3.130891151003689 0.01 0.001
2.331665608004471 0.01 0.001
2.6685216612967975 0.01 0.001
2.474095532399453 0.01 0.001
4.617959160468742 0.01 0.001
1.6607296285690536 0.01 0.001
3.437236789385801 0.01 0.001
4.5413258520341175 0.01 0.001
3.5483081227826485 0.01 0.001
3.422104393052886 0.01 0.001
2.3589647202846105 0.01 0.001
3.3790278750680014 0.01 0.001
0.7666041674139601 0.01 0.001
3.595654223523239 0.01 0.001
2.1320497727282075 0.01 0.001
3.520191781757959 0.01 0.001
1.9368191927529803 0.01 0.001
3.043090503788441 0.01 0.001
4.513515756625434 0.01 0.001
1.491926564707189 0.01 0.001
2.86513402477279 0.01 0.001
2.989710946624399 0.01 0.001
3.0942884191965274 0.01 0.001
2.4069310814308986 0.01 0.001
2.884721229182008 0.01 0.001
1.8372291257820252 0.01 0.001
3.7640693467716027 0.01 0.001
1.449133865324616 0.01 0.001
2.6791363461070667 0.01 0.001
2.3397818115046394 0.01 0.001
2.973837366011128 0.01 0.001
2.308364280915353 0.01 0.001
3.99287878812533 0.01 0.001
2.653598902644488 0.01 0.001
1.847904103959119 0.01 0.001
4.016562806562615 0.01 0.001
2.1853324033862305 0.01 0.001
3.444526840721352 0.01 0.001
2.6153878791785226 0.01 0.001
3.8644255511139485 0.01 0.001
3.0896224633683187 0.01 0.001
1.049891120357052 0.01 0.001
2.588566259213246 0.01 0.001
1.9344651039428384 0.01 0.001
0.16196127878473146 0.01 0.001
2.5174321359749734 0.01 0.001
2.3176113941109375 0.01 0.001
3.7314286028387866 0.01 0.001
1.986638444970956 0.01 0.001
1.9507938923817598 0.01 0.001
3.6746285760331863 0.01 0.001
2.0341276985328154 0.01 0.001
2.506334350922053 0.01 0.001
1.7150739305177076 0.01 0.001
3.2437306997613535 0.01 0.001
1.8533229756145717 0.01 0.001
1.8746339480381433 0.01 0.001
2.944904318323149 0.01 0.001
2.7797806399058125 0.01 0.001
2.342027607616504 0.01 0.001
3.093431518360468 0.01 0.001
2.362964377868076 0.01 0.001
3.3840778226864554 0.01 0.001
3.5343829262110753 0.01 0.001
3.709617476768642 0.01 0.001
4.082834272187334 0.01 0.001
3.2127613201529868 0.01 0.001
3.8360046953770888 0.01 0.001
3.988236020140373 0.01 0.001
1.945307341511709 0.01 0.001
3.0405321642074976 0.01 0.001
4.418023818342248 0.01 0.001
3.1640484372677022 0.01 0.001
2.616116383075021 0.01 0.001
2.0998470785140193 0.01 0.001
4.456229019307588 0.01 0.001
3.1867134012971046 0.01 0.001
3.6171933166216 0.01 0.001
3.4506766131492754 0.01 0.001
3.519126216598359 0.01 0.001
3.1258582448118726 0.01 0.001
2.1746957349448994 0.01 0.001
2.8515817782607265 0.01 0.001
4.619890240063172 0.01 0.001
2.142330086579031 0.01 0.001
2.965223471670964 0.01 0.001
2.9023735624768925 0.01 0.001
3.1118369828917936 0.01 0.001
3.9443156683355185 0.01 0.001
1.6583826988096326 0.01 0.001
1.5235028378943982 0.01 0.001
2.704247755994224 0.01 0.001
3.662418116080372 0.01 0.001
4.177584190669307 0.01 0.001
3.1132477867938406 0.01 0.001
2.330491915748187 0.01 0.001
3.4328626078643674 0.01 0.001
3.486959007731666 0.01 0.001
2.9955957137604905 0.01 0.001
2.985161713170808 0.01 0.001
3.5145171062096323 0.01 0.001
3.545121592180928 0.01 0.001
3.251457779820958 0.01 0.001
3.0368074068888617 0.01 0.001
1.1306962166227457 0.01 0.001
3.1173191367563664 0.01 0.001
2.542308496350052 0.01 0.001
3.027045022181184 0.01 0.001
2.071569292680564 0.01 0.001
3.8341615568414475 0.01 0.001
4.811176207288663 0.01 0.001
3.2008986732321323 0.01 0.001
2.5193663370236417 0.01 0.001
2.3892945939279695 0.01 0.001
1.4227956275345228 0.01 0.001
3.2361196865087005 0.01 0.001
3.598250012014828 0.01 0.001
2.8272226507821685 0.01 0.001
2.7353794421548083 0.01 0.001
2.801669857559818 0.01 0.001
1.6172601359392502 0.01 0.001
3.0721275119768308 0.01 0.001
3.19642022292418 0.01 0.001
1.5379443624287947 0.01 0.001
2.324162192233803 0.01 0.001
3.86600307718221 0.01 0.001
2.213167700055117 0.01 0.001
2.7630465740302483 0.01 0.001
3.1155347959578763 0.01 0.001
2.0117214684336724 0.01 0.001
2.551831330014562 0.01 0.001
2.2189570078100718 0.01 0.001
1.2886557969109638 0.01 0.001
3.84858599167566 0.01 0.001
2.572412151271376 0.01 0.001
3.3472445492693748 0.01 0.001
3.710903801660539 0.01 0.001
4.134161381161321 0.01 0.001
4.923039187267546 0.01 0.001
3.159249770055698 0.01 0.001
2.530538268219246 0.01 0.001
1.259955431959562 0.01 0.001
2.7304500749997125 0.01 0.001
2.8973820238917636 0.01 0.001
3.056602514744455 0.01 0.001
3.0017770928623797 0.01 0.001
2.9154866889862103 0.01 0.001
1.3551366278489967 0.01 0.001
3.6192383096629857 0.01 0.001
3.6620002193144585 0.01 0.001
2.846493143789489 0.01 0.001
2.9422150618942937 0.01 0.001
2.662018980378548 0.01 0.001
2.0258191208960334 0.01 0.001
3.7459330828870745 0.01 0.001
3.711277507210845 0.01 0.001
3.0962486092208636 0.01 0.001
3.970593097020083 0.01 0.001
3.893602518686057 0.01 0.001
2.559658299440165 0.01 0.001
2.3347848806850515 0.01 0.001
3.9930716710885847 0.01 0.001
-1.4482823766954322 0.01 0.001
3.344930225381564 0.01 0.001
3.1606113632454016 0.01 0.001
2.877925117142563 0.01 0.001
2.97000147105226 0.01 0.001
2.618151850581784 0.01 0.001
3.331360322301109 0.01 0.001
2.598041909454415 0.01 0.001
2.927748500053221 0.01 0.001
4.3465912098459345 0.01 0.001
1.6983362739298584 0.01 0.001
4.194813524240307 0.01 0.001
4.56982283105631 0.01 0.001
3.3602254539878857 0.01 0.001
4.114640609496545 0.01 0.001
2.497769257092053 0.01 0.001
1.9581728753788612 0.01 0.001
3.248199770132219 0.01 0.001
1.8424015112570142 0.01 0.001
2.920251817019825 0.01 0.001
-1.2033372894860028 0.01 0.001
2.812498540048857 0.01 0.001
3.436343796984229 0.01 0.001
2.938854353883316 0.01 0.001
0.7367968561367607 0.01 0.001
1.9220056506735965 0.01 0.001
3.052050147310146 0.01 0.001
3.5247644440774093 0.01 0.001
2.7722238650671582 0.01 0.001
2.945753190265482 0.01 0.001
3.504861716376524 0.01 0.001
1.654714843753995 0.01 0.001
2.9314643221797323 0.01 0.001
3.6003086046237667 0.01 0.001
2.2361962386706717 0.01 0.001
2.594057404110165 0.01 0.001
2.241942436490383 0.01 0.001
3.863917799636605 0.01 0.001
3.0394680589761554 0.01 0.001
2.5699978347068755 0.01 0.001
3.657050802871455 0.01 0.001
3.0648300094464607 0.01 0.001
3.686809822086172 0.01 0.001
4.191786686815541 0.01 0.001
3.2405439695334333 0.01 0.001
2.8985385867221845 0.01 0.001
2.284757892111491 0.01 0.001
0.341589901070503 0.01 0.001
3.420653263940776 0.01 0.001
1.3499386967075295 0.01 0.001
2.5082859941299733 0.01 0.001
2.897629987287283 0.01 0.001
2.8074734797087353 0.01 0.001
-2.9463666729939972 0.01 0.001
1.4401611806382109 0.01 0.001
1.9907211100082305 0.01 0.001
3.482749261502262 0.01 0.001
2.126772839473185 0.01 0.001
3.255920370195806 0.01 0.001
3.179578882787198 0.01 0.001
3.460016491828196 0.01 0.001
2.849728679252687 0.01 0.001
3.1001522658398204 0.01 0.001
2.731146040456505 0.01 0.001
3.3821993255620963 0.01 0.001
3.420887731837094 0.01 0.001
-30.981510415497755 0.01 0.001
1.5115485794844084 0.01 0.001
2.189770021274018 0.01 0.001
2.8116491107246837 0.01 0.001
2.997324558765731 0.01 0.001
2.2370132041061925 0.01 0.001
2.0704122618873293 0.01 0.001
3.182439584742804 0.01 0.001
2.6299064607423226 0.01 0.001
3.4700633639403944 0.01 0.001
1.671602052972532 0.01 0.001
5.0895631856801336 0.01 0.001
3.4723039654610486 0.01 0.001
2.9336492285659017 0.01 0.001
2.692484438449601 0.01 0.001
2.8029885200966596 0.01 0.001
0.7116418356768716 0.01 0.001
3.520566796393041 0.01 0.001
3.6293035645709852 0.01 0.001
3.693641646938459 0.01 0.001
2.0859835468119696 0.01 0.001
0.16225281588148635 0.01 0.001
3.376309295887621 0.01 0.001
3.3101837316624447 0.01 0.001
3.3995272936106686 0.01 0.001
4.402809992634553 0.01 0.001
2.675389201015811 0.01 0.001
3.5814017759534735 0.01 0.001
2.4700036176019173 0.01 0.001
2.133773907782405 0.01 0.001
2.7501491315075888 0.01 0.001
3.3509078469617024 0.01 0.001
2.0487577073632632 0.01 0.001
3.2872917445551297 0.01 0.001
3.702384129509557 0.01 0.001
3.0790373704659575 0.01 0.001
