0.033550924105968126
0.5733227186392054
0.15439920842310803
1.4378059626486763
0.28668463611780065
0.3782387343545522
0.34847518278042267
0.5111893677917926
0.4511403530395928
0.44928274537883617
0.028284353705228693
0.10960243269372645
0.515369918784928
0.44879108883101726
0.5016626055199664
0.5347587948906637
0.6690061315970471
0.2878565102846842
1.006730764790234
0.3973536561364085
1.569971029942908
0.3867075599306499
0.4836948240708196
0.3681335274445753
0.2589650686626734
1.5609175784500844
0.7549113404021465
1.635766231529651
0.5997756076179109
-0.06346244667639146
0.36981217123407273
0.5209314537462592
0.1510662096398911
-0.04844323490314641
0.8180024038216452
0.24758635229189882
0.26316023062567284
-0.016500356599142917
-0.017544241562840412
0.39922882944852844
1.1325627289200153
0.30493709390913953
0.41179352468971636
0.31756871393291053
0.418057914372881
0.48310447835329506
1.3598736346924283
0.42306232953894535
0.3351000984074499
1.3835595505498215
0.6602558319416013
1.5339336230113434
0.7933451171810099
0.42684556371342114
1.2813072943715467
0.9643451947773884
0.4466383650572806
0.978659037659015
0.39433515160533356
-0.1669686009177046
1.0071135794803128
0.4936043682455944
0.6211679701430087
0.3368097493142906
0.8122104572845831
0.5036611113964197
0.3640828415517347
-0.30626520550672437
0.47931270131857956
1.8166462386110973
0.4306915109850358
-0.017600718237856586
0.4577004149692294
0.7464290179997491
0.29284580441842406
0.28497533898491945
0.289112352136476
0.5273917949135606
0.3732804520050498
-0.6212567060088139
0.4201558912952744
0.6486968103289652
-0.005751400599987617
-0.7713993976538066
1.8087999592778545
0.4294093661546458
0.6368601051535153
0.23416378487620462
0.14821445318215182
0.5190611666303863
1.2115421895284066
0.5308771172858746
0.2657913234425103
0.45109804410354637
0.20520620960972338
0.5498337618459913
0.779583686977083
0.47072787400334093
0.23121078900230277
0.6228412203710875
0.5494577885050836
0.80759807850421
-0.26822633691745246
0.3797507075655044
0.24144100360919205
1.1077712377198048
0.22482692395321754
0.1103081936997715
0.5892424642127048
0.3593987418497838
0.4513702403481422
0.5248258172356894
0.6315864880997532
1.1639121146133478
-0.18970902415559251
0.48371177044563946
0.3344325105556475
0.3698602090663215
0.37158190987337764
0.4441507146524532
0.43154246879741315
0.6325895902290488
0.36935575267950377
0.6068039176704386
0.588953856238274
0.24482921436713223
1.4761424607724283
0.5157406250953296
0.2905208294425755
0.23790208953133093
0.700001769625441
0.5812181024771295
0.4300597225841046
0.3680553356701164
0.3104063934919959
-0.2608263930161616
-0.7340591954033998
0.4540808885044044
0.7904900924671864
0.45706830121867525
0.4564344035737821
0.8040283094587016
0.190193465082203
-0.12622311768500316
0.4095339733693632
0.9979010068225994
0.21920039734602423
-0.4973420287491918
0.8374489202359598
0.6400335529462612
0.403628622878746
0.46907463793810705
0.6708212188811397
0.4018003045147786
0.3465836429942636
0.8135837458520784
0.501316728721449
0.8030934097234358
0.9030692034189537
0.31608927425224603
0.338707177372266
0.48518133410602715
0.24813671402909895
1.5902324937300447
0.5018258638755325
1.7334445995895036
1.7302668795806826
-0.7742441365685805
0.3033729554341482
-0.4563750884093399
0.3623359327050538
0.37805626773530565
1.1124375351309137
0.5005028998264756
0.293148456188818
-0.08223447466816639
0.6048640232077966
-0.30386464785775674
0.4007864992824669
0.2527151399277768
0.28593126341123287
0.9865058843715194
0.8607667332527295
0.13371114219164573
0.4841165121808999
0.08769331332313725
1.167163859948133
0.4852175676290724
0.4511006839490662
0.4151602776549413
0.5842367996801184
0.5876910803806511
0.6738704383791009
0.6814539805609798
0.873393011393197
-0.13228944720313374
0.4052699122185654
0.3354235771357101
0.414453463715033
0.3525570837244477
0.26586374658223283
0.2552170144839323
0.7770302528761059
0.32578495158142484
-0.09962449941756794
0.4714307079660142
1.5741486559248479
0.09236977165652628
0.48287284932256663
0.3943036939082801
0.47917401874368426
0.6075715499566418
0.29737855043186395
0.5373664297459086
0.1662877574368727
0.450999853223998
1.410856925015791
0.5704586292311138
0.46818019467185534
0.41722580833379325
0.49199326068268345
0.28847117835838854
0.37885483752933474
-0.38316084261855143
-0.012277317080207082
0.65623049191168
0.7563919125279333
0.782709746762533
0.3880567404797469
0.5407525149687286
-0.020841656134904674
0.09355337537588623
0.3619673225580561
0.416177559238631
0.5572546539369274
0.5442889406194271
0.23401691253875737
0.5450442955799999
0.8393583655050554
0.4644806575074711
0.3872929914312981
0.3979364734198907
0.8328119475467524
0.1072624258800306
0.6024965113080187
0.7442061400129348
0.26018967612461
0.5131030065107606
0.9518936198971242
-0.9885561074809764
0.5078870401361019
0.4376773516698313
0.4103742847914761
0.5034203049421687
0.3828899956194233
0.9687295006348857
0.4276732443984043
0.36318646955794176
0.8416514809626658
0.5029671840356014
0.8471726794310709
0.28373359029349193
0.21893556076920395
0.4064316550985865
0.0844637664925721
0.5326983364021864
0.48280083123887824
0.7061798471603894
0.09295718658174332
0.24839141263708833
0.40147842054737604
0.8662537465631425
0.5676039003237663
0.47367979498255225
0.2781636073655761
0.37590701277552846
0.48888988627298785
0.817778318503608
0.09529721635006382
-0.2514860713923164
1.6656590174717338
0.9207892630897937
0.35974742380158486
0.8669175302431766
0.7094518773810944
0.3726876467454321
0.24591487168815424
0.3915140072916442
0.04665283518336411
0.5282014313881394
0.506568327850208
0.06548410554446082
-0.09205936154889485
0.22365153112270073
0.15732936418373666
0.4493530868603206
0.23252701458295347
0.27239929611028674
0.38252403928569545
0.569930544072435
0.5767819242778264
-0.9648412875284365
0.652749075891542
0.339333319012468
0.05623509129860076
0.42131937856212015
0.22777733602777525
0.009753557806384122
-0.19609377512730156
0.9370512762255115
0.2772118803325056
0.2843925649310643
0.6140746335428516
1.0612735994131937
-0.2772384886136572
0.46977019706906264
0.5022147041170009
0.6510708136833282
0.5679252460739267
0.24503378439546372
0.8560332832596245
0.20468819254309156
0.570928657329198
0.3785009582222395
0.5253873970315065
0.13573237389291115
0.4938214188369497
0.5496385599525764
0.331190603820611
0.4227029946921989
0.35954218703408386
0.5130356823884634
1.0182889863469191
0.5366986508356542
0.7843954789946282
0.5738438002106203
0.2988170598790912
0.2487966726710548
0.08833681272621084
-0.11272375215282987
0.5456827291115989
0.3572314431529296
0.7426945802728782
0.6871440953216351
0.7563965359943683
0.4318571117395326
0.34344157117424035
0.2897972295723841
0.4988277845407085
0.23244553664822665
-0.2612661478353685
0.4560232590079595
0.5726275658760899
0.4738885172510337
0.7454701802568587
0.4737135319642377
0.32380163415467217
1.6005613811301387
0.6782101611400552
0.44508058864779093
1.0242638206180852
0.6330967466959662
0.5268357368953241
0.6898224370104463
0.3294568750345724
0.2994576023181463
0.35981123585968067
0.2441713726555635
0.3452682904053123
0.34284792165687916
-0.17670593687948322
0.48036343426376554
0.6073319541259308
0.2642444988734699
-0.13441544641219844
0.4846266382238464
1.0017653620527283
1.5654649326797248
0.5186802945823551
0.4668923065840953
0.29784689959828375
0.5371491914556797
0.3730102921343725
0.7191152405079234
0.44766321079142335
0.6038225575759876
0.8261245022569333
0.5704654767766504
0.4303855473981672
0.18319611181355785
0.37047516853701756
0.3870778549698076
0.6176597215279541
0.4384378705042954
0.666941926901133
0.7507838359238139
0.11645447147146311
-0.0027264723698047465
0.5994643530620312
0.41425876484079954
0.1898188663416724
-0.22157893438464216
0.43907401140616964
0.37255016301631116
0.1955167409567951
-0.6889093609406608
0.7147484189262353
0.3778690368847718
1.7444632346531725
-0.7066267522313888
-0.10139711507373485
0.6173027680351585
0.3529740504128466
0.4688759520859765
0.47860864382773377
0.48880311045556546
0.6392239619300111
0.3104534032989563
0.315422447109388
0.5900530702424309
-0.32632964144093096
0.17429528371284092
0.3451848266185125
0.8659340950669672
0.33584038358972057
1.6710095555240279
0.2742175195352161
0.10047087290119211
0.7085701433541881
0.2236776050683634
0.3455904178227951
0.8518737605069693
0.5375458344270432
-1.7184298751552607
0.015600446158710281
0.4035368606807725
0.35035399163088665
1.0717694790528522
0.5382989358782543
0.2461475493263028
0.7000649969650856
0.5540983767734379
0.4257322717456782
0.805081387680515
0.5463448785397924
-0.016299442279904354
0.35743225667703027
0.45811553152327494
0.15502236390006202
0.40854317971869125
0.23837531431641382
1.8381427120142733
0.42905237985150924
0.0647548663877827
1.2565506378594071
0.39177306594386446
0.353690016917183
1.2142100418707877
-0.03192265619673156
-0.8721574141252931
0.0032044700767085758
0.40666750813619856
0.3882463566326489
0.3078086433756103
0.45692292531699297
0.8562273273745347
0.46614636576279034
0.8206509028367381
0.2111386170552601
0.5897217512081186
0.05551518496220343
0.35066673413208
0.9423192455131782
0.6226802098394196
1.0593675119616663
0.4752550195474118
-0.12841722558494423
0.7065691590509534
0.43484461904261695
0.2873667482984597
0.5357027441281219
0.30487010190024205
1.7591300729180148
0.6176365261193142
0.3232087290208555
1.6221535959239668
0.1585782194089405
0.3753856322146466
0.3000661258377204
0.4362483654207187
0.04131899935741876
0.4638872561593567
0.3124412930754237
1.2039501330451674
