1.9361501362525573
2.3401973216255154
2.2242354588357407
2.104457406733015
1.88576182701847
2.209095934774381
1.4123760037422661
1.8017161877296903
1.6565177626757197
2.588491959994405
2.2448950929073557
1.554844975456512
2.099779148515928
2.1984622238489773
1.905635149464482
1.629340374984589
1.9129725246546017
1.6482314809054792
2.634426129350922
2.452928299321028
2.0949115921660852
2.6983969273059096
1.993338709844777
2.6219771686586983
1.2573301148798988
2.7674291002772713
1.311576554225534
1.9367225359605458
2.0344371143962108
2.220277806770438
1.2786168554408144
2.729487092565492
2.499681657000771
1.890293686022704
1.7651187923679272
2.6422795165863056
2.100173992881046
1.5441353809172729
2.590078973963558
2.4055989000484046
1.9076998551346434
3.0430017067454624
1.7749192304223433
2.8829376769989383
2.6571046225545474
1.971002533933067
3.205844718949242
1.7497366130286276
2.7443887231401267
1.4271818950838038
2.5419910053715293
1.0811847991431327
1.85513502098594
2.5543530760607696
1.5631262199444158
2.8181481973759173
3.72096948693977
3.392612671828059
1.8922704931699672
3.148958079195738
1.9634264163271025
1.2898393469890588
2.1973393852731964
1.6544688589486458
1.6639443065623878
1.5012651812837738
1.699948950948638
1.9651710153139446
1.2849649050782885
1.6977375527326324
2.3339819425687964
1.4700026496907697
1.431323736389885
2.117037699754984
3.138101434841205
1.7853915749305047
2.235373108520205
3.8296199164621
2.808661983184314
2.6190638584889023
2.0862362257570304
3.35490968922689
1.2523215532988932
1.7402151873313505
1.47551105568058
1.2766701718343338
2.263226477191407
2.4006923891982814
2.2794877986738267
1.9042069037191356
2.670889524032638
1.7380938038470892
2.0498854502137913
1.1737691642750547
2.646190171383568
2.79079869807286
0.7348275821344492
2.2877816089213883
2.539144363756104
2.363509041487586
