0.6789228717653302
0.39622291353555544
0.4342133878485887
0.7580747528818653
0.6119116777089687
0.6045398263725086
0.6932418855171637
0.4146976699346454
0.48551844179384657
0.4781224353930074
0.5363587883597143
0.6840538699897424
0.5870743410349292
0.47689191848902407
0.41412391253140896
0.6079099525618067
0.6209335160942011
0.47696190835686453
0.6690257227328044
0.533092005256697
0.6051755700543441
0.6258484066730708
0.6350734981707391
0.5523738412483147
0.5980172451395581
0.4673629412338925
0.7531040150995866
0.9214341284155777
0.4577479968531502
0.6574794998627805
0.7023708145009775
0.5577903312622181
0.6449315502151461
0.6093739735184455
0.5175559348978179
0.6392609883032877
0.38123641852428913
0.6152127580048242
0.4058031345498075
0.45653220206160855
0.6931474762476831
0.5875209133546816
0.4833566112568996
0.7841947060832098
0.5326710731506618
0.3327963736184604
0.5312748207896908
0.4217069724047051
0.5318250296370377
0.5208206701710643
0.5228836238963172
0.6308819217878254
0.4189593642130418
0.472878109604395
0.46616917019392984
0.6547248476047197
0.45359076330349596
0.5723964649808712
0.4350752389752459
0.43939359692535823
0.648660590618341
0.9508502624027232
0.5163335409712867
0.43602880614020784
0.5768252595686276
0.49241768799978475
0.5306414787501555
0.4588418442723226
0.49263713022677735
0.56487909631609
0.48584556078555524
0.4200838280918246
0.48015717788646706
0.6094460782860723
0.7988014606065734
0.46965512761580475
0.6277845155167717
0.5190399095776886
0.4310489161630598
0.46026575585931595
0.6398123601401234
0.5461749904264052
0.6017800029291202
0.7314336996032703
0.56815437544307
0.5082068548122411
0.551915884429499
0.7004678312282967
0.6571825651254852
0.4115985092493168
0.563163139077744
0.5738879549104882
0.5452092444565276
0.5723661112826038
0.6469895111670508
0.4578960526227922
0.5340248892811782
0.7182246051221717
0.5262077361935232
0.433263244868303
1.0407206370784363
0.508576364456861
0.7028880313343248
0.48033142445809696
0.6690649529830471
0.4142514033183571
0.6489219280672393
0.48873920928704534
0.5508024230225913
0.556590726620572
0.6122763189974548
0.6556606269851718
0.6081472409863017
0.5074393446725827
0.5746553345714672
0.5118748359869033
0.6590635873257326
0.4352294283642073
0.9601295322500532
0.5658275289785099
0.5623091815697153
0.4213229069557894
0.5793889773035824
0.4527873006302787
0.504239922568114
0.38572550568066905
0.718269706715554
0.5751700384248452
0.42613783603055433
0.559589307163317
0.5669157981908438
0.4850969532097194
0.5702338389109642
1.229500027168197
0.9253057955881044
0.6292422661800302
0.48999727877390464
0.7327261352421169
0.6149568896883544
0.4928515304925374
0.6336734703021051
0.5497392499718962
0.514263776053754
0.3780148096372276
0.45003503479470797
0.7378795313707829
0.6178354954234385
0.7829060857690683
0.5578483915030146
0.4959320380265346
0.5314815693536089
0.6107565804896827
0.45985002198022457
0.8546789215611748
0.8794505205578903
0.5185709712550316
0.7889633104525272
0.6026826008846734
0.5586612555985612
0.6289462970321497
0.5130630624514233
0.4764888632585768
0.425402220918717
0.8742628415394177
0.4400605026706532
0.31028357846599525
0.7890868647818484
0.7082129728978317
0.6766481192511135
0.6500901079755299
0.5790955168346251
0.5434182391118504
0.4442487778188096
0.5859742463882557
0.9731621871145674
0.47259008605866243
0.7928462821090592
0.5441554415674347
0.8771373625137694
0.6044805608028803
0.34044070209213
1.0176524308146206
0.4899587496728089
0.39096391849411555
0.386327345464666
0.8714409100048154
0.4910951943923239
0.4789534258407906
0.7788441009548875
0.566788751493196
0.40907474522393966
0.7223898652673412
0.47374344739755453
0.5518408275138342
0.47946549171567215
0.5470799450509375
0.5811086536857433
0.742261608880133
0.47610533760011425
0.5244667569605753
0.5472494016393256
0.44405743496204114
0.6363841592537743
0.6488019783651132
0.4220913922615259
0.5688852022724903
0.5957061233240905
0.4935935749683311
0.43918595692864454
0.6853601474738876
0.5300784118527503
0.5759493643249879
0.5549519186529746
0.4323415598814304
0.35045817068621843
0.7222463190594244
0.6896685562148807
0.5512495856042607
0.5262260070451347
0.5702987135691121
0.3471058729327173
0.4522602202125252
0.5154443938722052
0.49485929193214345
0.5050899383329741
0.6217138795272134
0.5508426226727816
0.48885099394260295
0.6415104742140412
0.6150174558377465
0.6177118238731153
0.6435523004911842
0.5652803168675307
0.37106153896177285
0.7132982118763239
0.4124658619677959
0.46887628309601387
0.7568662740665012
0.36105998555472113
0.5687677482287055
0.4618645310601639
0.5009960159424568
0.4432237579596571
0.6413608519625874
0.6666363262613684
1.1436638067886444
0.7840984703712873
0.45542116105248703
0.5684676557791439
0.6971340120430187
0.5518153510287925
0.49408794875552525
0.6675058629262695
0.7912130269060834
0.6389881076834072
0.6851663105457995
0.4982918920852511
0.43655580792786325
0.5903632793065542
0.6626995221415004
0.39998062785329563
0.5306572787139975
0.4361344492282521
0.6397776645510792
0.5270562271407215
0.5439345280981761
0.5936992519124384
0.7242148899546064
0.4825392222170311
0.446837501364844
0.8252095135305914
0.6000669442995615
0.879830677773076
0.5837577860541824
0.735746872154848
0.49904101142198254
0.564961782502887
0.42402400011381286
0.618631496481208
0.23109285095845924
0.5455310757327192
0.6702926019729656
0.5928018124990595
0.85376788469383
0.6033506980104357
0.4958153732043821
0.5199223042078549
0.5546757455036776
0.5744596445523897
0.5635853784268446
0.9386402526061239
0.6710401553149432
0.4283526791447962
0.4961213529484582
0.657018655230532
0.6781901622548835
0.5525955214357868
0.5078994296623792
0.5186512808796118
0.9399774133408045
0.8050210439548685
0.4071724273666754
0.6479072624767084
0.6474272004456721
0.4839299059955628
0.8394610535154959
0.5380977466780197
0.6834832169375157
0.2924322071389707
0.5457877541977916
1.0807622118211249
0.6176832259276821
0.494194482211983
0.5590551682698565
0.6454287231868101
0.815400133735999
0.5773240583757119
0.5124963186896344
0.7990202173426787
0.4049859326911726
0.5712804789553728
1.0703828073121908
0.8816951483458116
0.4523519113246237
1.0861703949973172
0.6322884911604838
0.44762771186732
0.6235024513205032
0.7392926608389501
0.5218096926726165
0.6392598191660808
0.66433570824488
0.7425481355010697
0.7987966977506694
0.7108282478904263
0.8921433872909867
0.5106073155899595
0.5777888740883894
0.7155888012016031
0.5620303327888942
0.6111099376593002
0.5018859072067378
0.6095959589809999
0.44852247590085104
0.5101041698553028
0.6452030502705653
0.45866124236573785
0.5762309393427385
0.45682871144103476
0.5613003233410551
0.45357446310578853
0.4869670037315519
0.551722933347698
0.6410659880868803
0.7727584714542021
0.4739523512013088
0.6140298556960019
0.5343971503470111
0.48290001836023766
0.7485450741343146
0.5490340022706761
0.43836980650880886
0.5535833267689004
0.519985600074386
0.5313208245621271
0.6970040378510793
0.7064717328949414
0.5330313811708415
0.3523474882043565
0.24986572392763015
0.6517372692736142
1.0172489479680709
0.6475432725356206
0.5561053301415283
1.188861099230472
0.6871557996433592
0.5386268135802269
0.41886428446770085
1.0243052072893621
0.40737058178722574
0.8107960393290896
0.47108390636733805
0.656239296736925
0.6520560818753407
0.4389280480200492
0.8028007483810314
0.8599538452669337
0.4036532272617872
0.48845877495806683
0.44547009738465476
0.36714932859050203
0.45006607812422045
0.5596920909287517
0.535274514192527
0.5924899419430522
0.7621599662750848
0.7504497285301593
0.49436628028441215
0.5039005708967361
0.5302793368886635
0.41787305500496313
0.5500430690098449
0.5531154351419622
0.5152507329652303
0.4584115352882073
0.5442550666250927
0.44933187810516567
0.41284345438323816
0.8517931822540193
0.5604175459669373
0.47254148135793866
0.5902629420368872
0.5581949586028051
0.5221786862137906
0.4183245802308857
0.5201546283763884
0.47357273022704627
0.5020228192232316
0.4908830507976835
0.3872364142206383
0.5428284610205047
0.7226318803522052
0.3503262389914708
0.5758813259082035
0.678944715326869
0.466407657660125
0.6330002789324336
0.6865057600777709
0.7315446346270518
0.6968405151101686
0.689690643598591
0.4375513477992794
0.718598611019082
0.6682332794647041
0.613623091504739
0.45643497593839993
0.41428572771713856
0.834550193921492
0.4745358205230323
0.48936004012661066
0.6388244450847224
0.44684419317839
0.7144057983380906
0.3906224657024855
0.5046436430942547
0.503998111105619
0.8408965736148959
0.7055459369321401
0.5144322286131565
0.636587423009765
0.47690874509797204
0.4684445294098776
0.6779451013576329
0.49761413569816343
0.5194044179776244
0.6664217987692185
0.5116957487195292
0.6775250636185316
0.44585949723071777
0.6559865014030389
0.698684574680195
0.6678396716146183
0.5154585300043167
0.6035518552832613
0.6745121415894313
0.5423093824269245
0.546116794073679
0.684721853443448
0.3486992179445343
0.5648511520686013
0.8469448127756615
0.5788705388582787
0.4618742942772296
0.4286122281384748
0.6445713519053291
0.5579870021124528
0.42852873836847394
0.47593557450271184
0.7613105757862643
0.45936501205673125
0.7917052081449998
0.44885865249144946
0.6876340550161313
0.5307021516395248
0.5337219259226743
0.5546092473920118
0.46422137035173616
0.4554610926863052
0.7181573384238583
0.7149090379554336
0.40725109137804844
0.50253284056022
0.5188630740325822
0.4123605755733875
0.4844826229674632
0.4790755729715667
0.590137558763115
0.4112519781510508
0.938225525960191
0.5678290202494712
0.6503201967717639
0.49515848633403753
0.7111816153275982
0.5244867142221706
0.652111717193474
0.5480878683186704
0.7563269327269956
0.5816300508702565
0.48568305880256674
0.4022972341721815
0.40561133900758056
0.4329840151067033
