0.8638003429826874
0.2523682199082387
0.5553789273983293
0.5428129361971927
0.02973568697065515
1.2062947543889597
0.44964606450419153
0.5165115309395157
0.5036270281188145
0.3039183419835407
0.7996425674228428
0.1272878440484549
0.18709266147971212
0.5592673276065944
0.3863771894227747
0.4658011112497222
0.7126944686970266
0.8796168741549457
0.8288412564341865
0.30229882855373447
1.144884849867524
0.6977443418457895
0.5595013056008954
0.55766622844533
-0.33859172354150413
0.5623888796964166
1.500530018771878
0.8244645999721881
0.17760898121369798
0.08462851420586
0.3578799040576912
0.6732228905416728
0.23639450178164204
0.7069858763501102
1.7678369114039114
0.04276524844424978
-0.018331182676516147
0.7987767304866572
0.5868314243898092
0.7069566419434342
0.310884648511417
0.6275961312696424
0.5638110674124933
1.0783320942614274
1.2524781858942082
0.7450391147888915
1.0886322574910225
0.30512454222462404
0.9642250402278689
1.602619215373637
0.8082263526350676
0.8757893707742079
1.4669617088973215
0.49769119550869956
0.16109668853652348
0.8565422139514117
0.8243211260552198
0.8198934408499777
0.6359317474756556
0.639835908225273
1.05654218671954
1.523478346547001
0.24455474175741818
1.0101047270855652
1.2237475614158448
0.006777746834145895
1.3184642259292039
-0.009023851741223665
1.4374806350036262
-0.10344254129500276
0.6422515099724532
1.1325714182002644
0.22691399846969165
0.41948478558551283
0.1243671104844234
1.247049912078841
0.8289857831018498
0.9296565142546435
0.7498080633121691
0.3651093260902263
0.5240395871061811
0.6438990775070851
-0.1292545775874859
-0.009335016386152603
0.2011311499377159
0.641630257016795
0.9057116833377551
0.646248822936567
-0.2855189740128414
0.4672522925415889
0.37445769600487494
1.3816570924371732
-0.05563977568140759
0.4419714299312743
0.526218145152762
0.5907386682000259
0.047235266147725746
0.444379021219766
0.28758846481336614
0.4192982322320938
0.3549131462228889
0.08976124116485618
0.3860960929111205
0.4779677153930608
0.3867888356028928
1.3596278344897101
0.8895004429313805
0.38046501441766
1.2097678645857808
0.2079462014296116
0.9431799784481355
0.14432309733042634
0.5348605105657263
1.0822300569976884
1.055352079411197
0.7686941841614064
0.2954456516721374
0.40017991206101455
0.13554931634870218
0.3226187110648993
0.18490528076663434
0.3709601477494157
0.6800245067901849
0.12687608389918176
0.29469032522334954
0.12687840685919227
0.5367012305812319
0.23986851067292028
0.6978207487977978
0.5890992118502901
1.0048579632297974
0.5406764239960717
0.3912595590890149
-0.10486049138282179
0.4148326071793878
-0.14316855131520112
-0.0948508750037443
0.6193913389678142
0.8706049851546677
1.3759068117528626
0.6894363093406671
0.34482903729152864
0.629451035941749
0.3571673042835819
1.0135237991808632
0.4322683479003338
0.10984161459091524
0.5781178399497849
0.2680487270646401
0.5000382937801908
-0.27117934951543
0.5791826737831735
0.15893451335513487
0.17765252050022817
0.48974889923991566
1.3593172084062795
1.0836606481634978
1.4795234240976243
0.683776185076371
0.7703493692916976
0.5884932493870839
-0.44314769049627784
0.7698592959332774
0.6056555617220676
1.125522967815937
0.7060048485246182
0.41751218840659027
0.9837163229821896
0.17178677546945034
-0.06534154349757211
1.1591861317147074
0.26279135696798495
0.8721439817025107
0.8558113809227024
0.8397058256419908
0.7449882230885395
0.1365648247100396
0.5775143190972899
0.8308555706241462
0.627304769297583
0.6185988002329063
0.40970269054419745
1.0417636693315837
0.9668731064668017
0.7683904870555637
0.7252618152181193
0.3649093749603903
1.1650316137834105
0.39929053464896175
0.27343468804538146
0.9337359689928303
1.8151902848146264
0.9052626478243689
-0.10567252684589701
-0.30492527363819927
-0.09948793731382659
0.5459878603659881
0.016764380121910893
1.2176581760128773
0.9928586079219284
0.17568395165409453
0.42874350880180945
0.29854552711792864
0.5390517197401415
0.6975304965065665
1.2751331627730937
0.2542651281345017
0.7591657989606452
0.18840472913815112
-0.2429726366808913
0.8529380505483385
0.745010439025149
-1.2946562610594996
0.7290177633680535
0.7328483272651112
0.3080686004746777
0.978995808751332
0.3900723877528032
-0.11734770097723936
0.7264273829221181
1.0331106915299229
0.9494178953693897
-0.02890547831244253
0.6834243058148856
0.3727245730277599
0.7615424968147652
0.1389243382207819
0.7595409707296877
0.2901626623907608
0.50456480095185
0.44283232899443864
1.161061463878122
1.1793578453920082
0.11641116981605747
1.1737787650878981
0.7449823865457733
0.5558415546298293
0.9408092189754133
-0.2519449066418589
0.15126477949955452
-0.04300886476929424
0.12992051264903345
0.8058373379958987
0.9011115662792278
-0.0115409513080413
0.7993813014023691
1.052458324855927
0.7883860496402105
0.38066639600674024
0.8099126178869637
0.7368005802724237
0.12863452909591735
0.814247778975495
0.05772159697006011
0.47308794671736115
0.823524254653336
0.6071437247528081
0.4225664148761847
0.5227346503198722
0.4003051288028729
0.24417583240895077
0.5512334789696435
0.14275899832811237
1.0460376891788326
0.575225104390676
0.9146866968090283
0.4410227624213215
0.39273456702610215
0.8833634437920593
-0.11316274295071356
0.7084211226766022
0.5462954431910395
0.6980040675617859
0.6472603789921103
0.4149565339027396
0.17640077827625467
0.7817310429251703
0.2816161499407248
1.3136625057032683
0.6712232269165858
0.3796618928676336
-0.17663472435074312
1.1394907790793585
0.8502966673105249
0.666516619625532
0.44753282873845035
0.921709186010129
0.6471816345677082
0.664695575335165
0.6039396272590901
0.42751666963939927
0.7320638241256203
0.30144767073429996
0.5676751453438517
0.5181065326188509
0.4492958685269228
0.4721189980684471
0.6362562791270129
0.609169638149219
0.8047184266554527
0.7165527350378914
0.18777445436591833
0.08508765668364393
0.44716018769863713
0.5428059790685359
-0.2436421779640221
0.5654996737632619
0.1497340344041107
1.538124451263596
-0.1730931360922017
0.4878858408267263
0.6326696758686219
0.26220918099242346
0.8418497978099008
0.3106492600957181
1.3535548036243583
0.7120319031331327
1.638451273819013
0.8510605736402073
0.5419074466188419
0.6229040187921335
0.44114830771292485
0.23457115873735315
0.5055845161773375
0.6995392933965175
0.2663233480726893
0.39247479292459325
0.33716487299233916
0.41386370844617293
0.22277428182087436
1.0543078429761101
1.0666871894234318
1.6645555262644562
1.0001156941949443
1.004868156961591
0.10841392499871126
0.22251508450836552
0.5734610079185426
1.1418877948321378
0.5277095641482157
1.2311248065441205
0.8909716157446855
0.35691375458280933
0.591597173132533
0.6792396634997199
0.008591219638596992
1.1162681795188885
-0.09742458150260573
0.3925965596701937
0.4945904679507396
0.9847218396530825
0.5390457215322837
0.9767216759552834
0.722191709992199
0.49130573692453733
0.6026919538752227
0.17374339037411915
-0.37064117643352396
0.7518891601329539
0.14255446574681863
0.05911338742197574
0.40308424837967766
0.48896316008958834
0.4426249170693328
0.656727400640236
0.6207752460165521
0.3376831460486099
1.0235852987079699
0.24310000711469235
0.4198407327444043
0.6697926035222679
0.8169219709503128
0.516178478582547
0.040123729259496636
0.6283134034958955
0.8334524017723935
0.3973688970981825
-0.06913679339665375
0.6737093507989601
0.3805139544787326
0.8030737431973712
0.4025531550760759
0.1170856071148303
1.573614251795535
1.1247128429197828
0.8364019163853943
-0.2601008737638989
-0.3379925883327177
0.48915331146740154
0.407499902922631
0.7778794998046353
1.0698199326780344
0.2730472510466357
1.0408230434850039
0.20354029263654694
1.1088307182367818
0.5925593880256947
0.84386628519478
0.2121658080576
1.1631327628922983
0.4287693218539272
0.6027469833237544
0.3283532993194108
0.5560588039893405
-0.01951282257401939
0.6407068587041814
0.138278133938846
1.1700890820241898
0.16982476376937763
0.08916592886180887
0.26495500023672064
0.281249242653138
1.1855343463400099
0.15464374102683773
0.4173597676828385
0.6085321855653864
0.4665905255963174
0.9226775683978558
0.35819457903499613
0.34476426947759525
0.6448888862062069
0.6486631404498436
0.12848166459978752
0.19794228110329626
0.8233417365564101
0.7657829020446605
0.8884719952693513
0.2376626223515794
0.3079267940917206
0.0390371332754312
0.43838447908427464
0.17714176746262153
0.701538187918457
0.9528747236797269
0.6906705380453335
0.2928096312361566
0.8880565295675051
0.39433134172464634
0.7090291687500913
0.8389561145767604
1.2629535302907222
0.5543258099722702
0.202371379493228
1.2713157663463546
0.6200904776705461
0.7441372158440894
0.49397165192796716
0.4193258677249501
0.35615361229405335
0.3622949921743212
1.3476194622973632
0.393205694342295
0.23938807787228958
0.49831788284169437
0.8426626938322114
1.0064672693933538
0.005626540652435656
0.4121108911345346
0.6632335739445204
0.5703108906396434
0.39413302861143684
0.2954598211710221
0.4211935095962261
1.5980540381394726
-0.19477771521106504
0.15767348507022322
0.5945808433428528
-0.13837798812971983
1.579502912240973
-0.19606386598204298
0.43754065270845016
-0.021082415562069152
0.9329655898598658
0.4088388695787504
0.6243869674547886
0.7916506416349559
0.8434690102436804
0.6677828459625598
0.3922564256147214
0.45794514907896394
0.8400812175050626
0.9346551828828656
0.3241863386565854
0.23780753554458736
0.6779729931021631
2.239942887257021
1.1439513254622853
1.2372094347463511
0.7615037856992877
0.24838390360608864
0.051402676365312504
1.213230203607999
0.4313320281186476
0.7799909680590701
0.2088568736435685
1.504896286162147
-0.3707819890258002
1.197989991758597
0.4126313006956593
0.16811771011167612
0.2103052112832977
-0.6526422503179576
0.22624950212198736
0.5626999376950282
0.125481981095757
-0.1623205579686446
0.3707087269802112
0.6176743450093384
0.5676578938830018
1.0766244744401805
-0.28527672015907574
0.344264109761359
