0.36698408620358003
0.5461422594409219
0.3950227810280744
0.9185059988225545
0.9148357397531788
0.5349548770008261
0.3748048276656215
0.49236721418916507
0.4782852750281222
0.800570573441418
0.18935134256864164
0.5045440649859304
0.26781789110517745
0.7786236767504758
1.3884624497333509
0.6621810084571682
0.26770924962075276
0.8968951733529584
0.19115418065541098
0.5520532870492464
1.107796679741942
0.190641298712824
0.7245294601000509
0.9137567097401863
0.17191833954376937
0.467052879744392
0.44010969605321687
1.1614943744163504
1.3247913271006484
0.5034734901363688
0.7220381775049468
0.1482518413728518
0.6677603983602203
0.31776807824015046
0.39893565987842505
0.36193815958584236
0.1689350264532116
0.30485985880498717
0.595321214481366
0.22638381267380028
0.13619419199316354
0.9051349595868056
0.765450778213578
0.21478670959878976
0.6242652697117966
0.6535944386847611
0.8095779566479075
0.5834370657958142
0.5550679440162193
0.4775669880729527
0.6225865561809991
-0.0523181675312491
0.5031935025908223
0.5322163180468927
0.41770357372092953
0.4261113565295975
0.11091778443794544
0.32737822574157277
-0.3669662963862123
0.9428063712490847
0.673216653483224
0.3724003206746902
0.6780206062863678
0.5377058088169206
0.47554579784936646
0.2024156698654653
0.26681117699440954
0.6034356624209435
0.4296524489028344
0.5006724437022283
0.6737496743321157
0.6322030606573296
0.22858814689970183
0.2575095229165834
0.6687603832866312
0.4334338210359956
0.5090532071994995
1.1264769390987304
0.41436063169037124
0.3288965383030935
0.8035877264692431
0.14994590778202863
0.51558670259799
0.31903401125076075
1.031875927514063
1.1801250837126798
0.716155846854892
-0.29639668122921065
0.1412844696242526
1.1947616191471029
0.6385252032133699
0.32573538427410903
0.606109185437517
0.4231727633374354
0.9286721198234714
0.24487069848532392
0.3129434006791891
0.3954061800331372
0.5723749132874982
0.15599983160577616
0.7354575464694929
0.490337667238499
0.34691386617994063
0.5064536942763758
0.8153339998033764
0.15121494471795138
0.5389991887562661
0.1428298819641788
0.6181987525688076
0.4158766283190695
1.029849211777677
0.5827395497360316
0.9602505486841535
0.3832325026793297
0.5042497362158059
0.5758316680376886
-0.04589766466206933
0.2903826149235786
0.6372870932108542
0.772705021248056
0.5091529075975253
0.8904527888332282
0.6677540727668503
0.9495646053845334
0.4345607368413768
0.6865315279517962
0.9076912408623449
0.5383154730362932
0.5752100916490611
0.18218996058715461
0.7583722119247484
0.9864884479388145
0.5127791976344728
0.42404861886943035
0.6435891418817846
0.26575364753088593
0.8598519375797086
0.5614291651833545
0.7834492268216605
0.39823224456411616
0.6928448599427695
0.45931316446966486
0.7058990170792633
0.3556790771386593
0.462331360656316
0.7353386052003748
1.0988506422025839
0.6681822495613733
0.4464144665248624
0.30357600597248585
0.7984170902312288
0.8842405340409861
0.30687994910369387
0.5263120835253109
1.053866026571146
0.38037572439465445
0.8702595669121096
0.2718516324507527
0.6201907412171329
0.3532959416168373
0.20789169314335712
0.5657450569057276
0.5743173007821679
0.5179844797911607
0.30501754463242364
1.1424415101293952
0.6278089964466798
0.3618903973262347
0.7323114153962699
0.23815752603167128
0.19275941556811702
0.5718144249181263
0.4554601499154815
0.5233983034095152
0.5894313629482447
0.46506863434800344
0.21875069507799774
1.0603427123973714
0.8751032110118483
0.7576580843038719
0.8302070662185992
0.9003720982247218
0.6967830069393552
0.9025719877374375
0.9330232922175637
0.9869154475108735
0.43935986202444816
0.3261839276041247
1.5010159150876934
0.3042287506315306
0.740672838605441
0.2732943147343379
0.2694455736583044
0.7287718488042496
0.5367293181428907
0.5195047425411129
0.7683916101080395
0.6089764306765294
0.7459993527006815
0.8281469299005452
0.25337395822700187
0.2760476464333355
0.663037290612461
0.3474373241751605
0.06412718111949296
0.7413506273636097
1.2730492173947383
0.9890820192644112
0.6295080678340091
0.8883225229409923
1.0576691299001955
0.5358817128104215
0.20729778685873287
0.9264529153012081
0.3840417445102953
0.7799082817132619
1.2350534291399116
1.1188015285612662
0.35580284121938927
0.33822611594634716
0.4716916147037409
0.39083788989700635
0.44620709721340046
0.6649514907863968
0.9016022461441183
0.983242744945497
0.8896173420158066
0.6364410348600429
0.23285226929292702
0.48834583328721926
0.6075122232349299
0.33305576469694126
0.803434437531774
0.8185414778331781
0.6739652972062854
1.3293554140354313
0.7480932517050105
0.7556349575667891
0.012566527398984414
0.7979791894513851
0.3247368774960742
0.5905036905225267
0.42638132836903103
0.4001094251685619
0.6285821019232856
0.6977026253492574
0.31046841596292823
0.437196124222677
1.0499036598014644
0.8067136945993795
0.342430794022424
0.5352125786564461
0.35634594794774177
0.6931916347308267
0.4464826544120373
0.7013368914874732
0.7470823951743087
0.35998685835500494
0.7764413293643814
0.38731870322299805
0.7793539814808524
0.4125533173889939
1.03324300359463
0.30391581420434666
0.9679000633537513
0.29543802967313443
0.5617338112015403
-0.11491179157040804
0.31216223093527495
0.5085628017347953
0.48631905929133845
0.7353803110560326
0.1712769078824673
0.8570370294360213
0.5305931786555852
0.9988703215330643
0.5787529908018255
0.37875281964097834
0.9461226823053215
0.4378872686750855
0.33862517690005656
0.7451467690159221
0.39229174706552766
0.4619783604096477
0.5513695123447533
1.1950168107314916
0.22263352932836314
0.7828827862869034
1.2204902234862078
0.05933909257591983
0.5498120752835017
0.6288286210507917
0.6716409386732606
0.34969018522670664
0.6473394667462442
0.4125183672383356
0.4244757262432328
1.2143196580969837
0.230417712045471
0.8061099939509028
0.4833868075371596
0.5233675057154016
0.44654724218925024
0.6638053602076918
0.6389574403112958
0.8476754562776065
0.44141540377458477
0.4304851134977128
0.4867187294033168
0.7242826524856388
0.843157196335654
0.6891559874268515
0.6289526541017169
0.6484711937363989
0.7684965124697807
0.5856432684577916
0.49937897345534044
0.9675911694801197
0.9378863652770262
0.7189884524401687
0.6062453246224422
0.36902998984445273
0.3869919079214577
0.43706579093479836
0.7356861643271587
0.7367373228082462
0.6327966502747119
1.1964741027613668
0.6368289036289462
0.5789987169197764
1.0043913997445284
0.7712257147542442
0.5012711116322993
0.7138706538964654
0.2469190832832501
0.18473194255477057
0.40697357480540663
0.41971269486605145
0.8523293384165126
1.1186360599345961
1.601929587235974
0.252329864005246
0.9086203734755176
1.1333421073916374
0.045271873691328623
0.2821244303040053
0.5904437926111022
0.5208109971491323
0.8010419832807573
0.6470693914007645
0.9865126853565312
0.4647707601310058
1.0064657232378729
0.773790684970335
0.4639671568508837
0.4666536158485824
0.3702762915314158
0.21949043875577537
0.2690066038454288
0.8105229570067931
0.3956101670933008
0.7937002981432512
0.4125917768410325
0.5497548390023773
0.7352493331322503
0.5289157428588686
0.5327765702912886
0.8721163809210645
0.3814928848426444
0.48266658763009945
1.1015444643070738
0.3464060896636408
0.7641725159026692
1.0881580949256195
0.3119034670687367
0.7672924237237604
0.24249146366253857
1.587807485826113
0.6670931254462937
0.9328110644827494
0.5336857238246655
0.29478410442670905
0.6138041960656265
0.07099567325303423
0.5336557346274998
0.6872565013644661
0.6440797512030024
-0.16681088073878084
0.7083137803279717
0.7092071112537504
0.5700803846256063
0.8014125884965345
0.42149479307290094
0.4021010789361526
0.3272232660416758
0.12763543483582004
0.5270388121363228
0.6200576418348273
0.36825110486487317
0.5168229898884614
1.2772178930197333
0.7303729868081014
0.4174889062677783
0.22634197564604916
0.7263321280387894
0.21567476092828253
0.5584493670964547
0.7820301926027516
-0.11439008162309938
0.40245492617124135
1.5104132743166812
0.23850338373592936
0.3298657955259034
0.49141820750608595
0.29820729232103155
0.5214696547580345
0.36003850924875797
0.41079153774019944
0.3497129703665047
0.8275665573404822
0.5313299891213127
0.15422622534121724
0.09764345875654663
0.8524691690977897
0.5647690255640563
0.3505020491877098
0.4998733768243806
0.4101518069589886
1.1578699868002624
0.1581791973249502
0.6502313876933886
0.29973869722376956
0.5539573785300977
0.9043452861572683
0.5929913301090949
0.7845280843293686
0.6651477579145149
0.8045842202821204
0.3058718693263633
0.3577156299591951
0.9594052392770122
0.7613386782556498
0.9858242155023493
0.28954358061644153
0.10134661345905627
0.28681553669951987
0.3206699405150561
0.8440500700642212
1.2328848864601563
0.3329686444845676
1.2079247785370157
0.5235033364212224
0.9096182124944746
0.4965435244998581
0.4066456208288807
0.9120010048539693
0.22119239338986885
0.43883717533138933
0.6158448890301867
0.6307269893277432
0.5820407697120046
0.7880314347500446
0.3873746279072916
0.2462863914274039
0.7707834001178497
0.35719567810572156
0.2808108669829535
0.6482818181583123
0.6619484933530745
0.6299588527021059
0.5114353650802886
0.5984055830130176
0.4546822038367286
0.469635252026742
0.6091034562500145
0.5638085246631658
0.4343793212178473
0.585228609360536
0.5863108089993178
1.0433378984276789
0.8625996961856558
0.3131881465584962
0.3262037533939424
0.5768776683591416
0.7352680624047224
0.12195985928202417
1.20713730797197
0.4901909723610407
0.7620065494809117
0.8415151832812996
0.5249033433997875
0.595326090516361
0.22523373659143628
0.9951749144245752
1.0644048001609911
0.5004158050818627
0.4646692567604391
0.22992880706994623
0.5981862685325744
0.2698774100725974
0.628026999596063
0.5027128616733058
0.5505388998843349
0.6984199277765972
0.6982572134771986
0.5177732697941081
0.6143269749013961
1.0194002827434916
0.3222696137768532
0.6606058891138046
0.6141812062152018
0.675980216645784
