0.31170549930142066
0.6838019793016868
0.454414186563438
1.1855726607549237
0.4474227208975299
0.6436558920294838
0.41502344542627806
0.4435556581337063
0.5924660767251196
0.5278563141223607
0.7736817469853284
1.3459090664206685
0.7134421830821888
0.3745237904691503
0.5766352857629488
0.33424862845774894
0.47053436161240214
0.46651962448802325
0.28257209086222257
1.5341362636207145
0.524790752168719
0.42044111817016366
0.4889845211066237
0.4776635726284203
1.4941293008407144
0.4714627262364123
0.6744117785857413
0.4684690899927182
0.5936830022164873
0.13642574631767032
0.46335142601073714
0.31891786239729547
0.6744856254191236
1.8793199070250568
0.5846306862182005
0.7294870888255234
0.6118499904249818
0.7177397262594567
0.3901836917398367
0.7068688487747173
0.44224819324149656
0.46577824414098795
0.6701423185632556
0.436586178050398
0.7141122278387181
0.33142678529038144
0.42318798814302866
1.467961152491829
0.6327110090758569
-0.31169847289459146
-0.15305981746504133
0.5061840124838228
nan
0.472815698821184
0.4663088591179079
0.5185344160347277
0.4248867738401721
1.0983625757821358
1.0918210974051512
0.44474426243738724
nan
nan
0.4964616771624169
0.4813308378713789
0.4523648743171115
0.6478869862755654
0.14876280027823444
-1246.8361876106967
0.410869121634805
0.5609655045440638
0.35782705069668247
0.04247632002183872
0.8141242459478011
0.3539105042264285
0.18800292725365356
0.925088993611298
0.38435541344010393
0.5435497669968457
0.304961233845091
0.40786055647602965
0.43405715484882174
0.9274402978997203
0.33746429638159914
-341.40076834056634
0.6815117999146375
0.34304860440946994
0.6367228777753018
0.496758366855025
0.459105487838958
0.46751836100717636
0.5180996240247007
1.838270255168415
-0.5622783407112071
0.39487658015043275
0.30261327364323143
0.4414729027745244
0.501994878891311
0.5338301376502981
0.4872618532853182
0.5108104335405593
0.46491967858589667
0.8053358045521071
0.10249143462007873
0.435484697683585
nan
nan
0.5183250778782753
0.40840763117703716
1.7912214303234495
0.3387833527881781
0.7114788459636662
0.999928667353116
0.551599943701965
0.4802982088958811
0.29128309981418565
0.1626735753861974
0.674704566584345
0.5176579476473361
0.49474755427493994
0.2751182097888459
0.6427127231182921
0.6843911625656685
0.645920735125421
1.1380915397193583
0.2462571462819623
0.25144706620613566
1.641732036467437
0.2381067863448899
0.44302189285044435
0.8609063691638983
0.6179848928225737
0.49229202391451593
1.4169069791995434
1.021356338620806
0.4412743363605894
0.15425181543435898
0.3593944955456609
0.22822270845069853
0.5982143514881495
2.4749073129373835
-0.2922797136758845
0.32965210660943944
1.2147468665078296
0.7681067236721295
nan
0.5726682175251427
1.0798122876436957
0.4222356692462759
0.2328759328386388
0.5030310829522318
0.6897914963807371
0.4788302853847925
0.8424262310064121
0.3681658506663719
-2.5032759557314064
0.1132681667591162
0.5190495846685514
0.33715616867055376
0.46337810309835176
-0.3992968345174671
-0.020257660826406444
0.40097865229981755
0.6014488502681906
1.1763313539122289
0.00866475113710751
0.6422316409869909
-394.08604609548416
0.5886477504131707
0.5835234275101683
0.16972017885287288
0.5364202990069719
0.5535211018995437
1.1147215374306705
1.8386829247779952
0.6107819046711905
0.5431741334632174
0.5148336950994843
0.41605093467708437
0.40980219318669103
0.3160225238002627
0.09210621689012469
0.4893890947935356
0.6026549797208113
0.4556007292543323
0.40162244597846103
0.4963325865065943
0.4413558482834092
0.24695781064481825
0.5127743018114664
0.39280932983544714
0.5491752505505154
0.5954217963309517
0.33114996223621135
-1.1544602981604524
0.47780271421607506
0.4818131043663614
1.2284733157256487
0.412248730807808
0.603743024888041
0.5001114067952152
1.5529381040457104
-3.5961310251823853
0.4450933916130444
0.42856090297459826
0.34360249280136057
0.5312645631484185
0.3217175323705207
0.5924095335632703
0.6294649640951713
0.44706772652018917
0.405990935608866
1.5327947206240928
0.5475138092787518
0.03250218225885091
0.3839183542448472
0.43761253538121464
0.479429908855172
0.5404238816891291
0.1449918409281444
0.7055584599656227
0.20322651897385832
0.378804631121463
0.320491960156484
0.24291770145062733
0.46746320909704964
0.5841284097931296
0.15363990209393852
0.7967240254267268
0.47118515123617716
1.2807707551846925
0.2485506446320428
0.45774782913464507
1.7713119992683286
0.7090710749262503
0.5308830626491926
-0.41902197080432096
0.20923569933323047
0.6531378840464325
0.3394425638091449
0.500011607887656
0.45442828578000455
0.6241588787648319
0.3934600486911652
0.4775388097513044
0.18788172429913932
0.2549910002238508
0.43864186662668536
-0.2148717435994552
0.44385651803870013
0.47793777877303256
0.5189492677092613
0.5401413856119046
0.7522672214007807
0.45295765078978795
1.1047632089440385
0.4245819600032286
0.41593415029042763
0.49770346443706337
0.1817421728169034
0.5506739666302582
0.282691402132036
0.6980415804525858
0.5125052310052598
0.5979340572409556
0.6204429095874052
0.4612617657630476
0.3496875182323992
0.16529556997825898
0.5182594235850332
0.33315014216523714
0.8125280602731934
0.3437350383286939
0.4262736984383893
0.3170836904931806
-17542.427224783736
0.37912404804917793
0.8610676914606871
0.4677915895596502
0.1890295614014238
0.5595903383583409
0.09532572581068909
nan
0.3889990247820487
0.3952613469192247
0.7953911364667267
0.6558202273662929
0.20957167276263616
1.0332961278143233
0.43686967084277795
-27543.050428035658
-0.3171894469134679
0.5056306666905935
0.05181156381611677
0.4622018607877424
0.45680393996919494
0.6652819800922912
0.4324367322086871
1.358261159464977
0.2745858802235223
0.45555527761543263
0.48995797455643525
0.5062343616074916
1.1727481456844229
0.26650721070240047
-8.626254970036033
0.5112722490441207
0.6987804912906177
0.6870908953705459
-5148.364105923812
0.5034304633655806
0.7081399236378576
0.9365157272761749
0.43214295613538245
2.408317154706172
-0.6729139158515292
0.7722225300192483
0.52690103841487
nan
0.3563796870155272
0.4956738418404667
-0.15899280382171582
0.4430558578288303
-0.3213228043881602
1.138191684353435
0.5450565772927088
0.5964015111004118
0.05229924192042588
0.3744663238306349
0.43723258781996593
0.3690022949912402
0.9817845310401062
0.4513767151905115
0.4894044370015348
0.3691732639536029
0.8472735190221398
0.40248970832129155
0.7418353972324689
0.32840188887766164
0.48878042659706905
1.1127413088321065
0.5251675007855094
0.31880324440979013
0.44468382258863887
0.5430138260881255
0.19281258734374773
0.44283183380638175
0.5306759382859606
0.5266292836920213
0.44726712218601616
-2.1013017623677106
0.44104645876658277
0.39642827039737055
0.4654979210297273
0.8417902885199499
0.1491463173058865
0.6397891733830989
0.5853848153912351
0.495566974868528
-0.16575462257080023
0.31189084639417675
0.7408945052526424
0.2593910161059961
0.6341857002336831
0.6357686535123954
0.47356172752057246
0.39398222310139547
0.7122108861658155
0.4901158272341099
0.13447357723054215
0.4929391745217107
1.1035996810907716
1.1367383619552156
0.3080863018949663
0.4271086760332097
0.4560533644005668
0.4783976517063118
0.2939379985912713
0.5711455061416799
-0.15015276545513406
0.07112598932756471
0.7911672392209217
0.4465293942905367
0.5851436688790269
0.3874939639967007
0.36635198376041095
0.5917723421577153
0.19428374258599232
0.58042052782972
0.5059755357896663
0.4001367578154736
0.49764562708002813
0.5207303127782928
0.8573252197311966
0.32505970982948657
0.6818849868899829
-0.6167159685275024
0.39214625877562465
0.5220820419915452
0.43685804804524786
0.5718095583985997
0.33770899642847585
0.9613503885737195
-8296.059455402008
0.3459861998007421
0.5094774117034389
0.9722950261443908
0.5072663604772978
0.6427382670342773
0.47540786369194293
0.273014815977869
0.6460565865571803
0.38859866183357106
0.5755789703065246
0.9198063008617612
0.39979923854938104
0.5301026855348394
0.5079773003714911
0.48084840242898763
0.5616437626224169
0.4364514168960812
0.7131584655292047
0.4146978568655006
0.459940114777475
1.3451785358496224
0.2873825004778203
0.7870873167659034
1.1528168316352196
-0.027231828409563223
0.48792275236497773
0.5093727575775537
0.38765427680274234
0.5625785922371298
0.48281317422039327
0.6926970660550675
0.5063356186143076
0.26376636955684485
0.39746215684274355
-0.13735619689080247
0.4237310086572591
0.6644323194404145
0.41926030213490667
0.5895378369310712
0.684940202635069
0.4131465797295243
0.6673101405467706
0.3343422087223315
0.5902017601881848
0.6952873907887678
0.5798888199561787
0.472303469492476
0.48325363198996385
0.21876323190409666
0.4933532339634361
0.32731816920317147
0.3840992368045876
0.7062680655947463
0.3508888303523245
nan
0.5475367895133838
0.40743880318600667
0.7321179048610406
0.08793292760919441
-0.046722195328775265
0.5273129230030993
0.45713761677644205
0.5620956524272228
0.41401761528009484
0.33753834427864227
0.19423223721617
0.5998139019688598
0.5457621099714705
0.39712040150865113
0.4885562018738954
0.4676785010581244
0.31641701676172856
0.8852701784246368
1.4475899017985476
0.42014316916295974
0.7997922928415919
0.5199745844852715
0.25064731740676327
0.4690315788995081
0.8252706023844919
0.3135922452780467
1.1635494585465995
0.39742752007922977
0.5039026341875755
0.5796843505535619
0.4196059007148857
1.257400323308362
0.6150804205698251
-0.018366457080900334
0.5265774194553257
-999.3259057275949
3.6736224688741235
0.3861028577802759
0.2649831134070028
1.1943819641661433
0.5371348829838742
0.5368243678940168
0.44323454512551663
0.6922758655720391
0.4189778554425915
1.2871743014315589
0.6816233859506611
0.5716538234498353
0.2759183796308752
0.004743396136654756
0.4438965784206271
0.9165190315064122
0.27154129091673157
0.5432458962757795
