0.37895039854696533
1.379678430549375
0.6936427281302452
0.41920768164798367
0.8614657976310771
0.09785778430750602
1.140343135456511
0.19160728377881506
0.08300427188250925
0.6542519408542166
1.629809090897813
0.17564594395588584
-0.05350880682972995
0.7718400404344933
0.6443681950045385
-0.18801755904424247
1.012780775193832
0.6726981966672735
0.20343110765990388
0.5660471790868129
0.23750715518946228
0.47371896908222394
1.2979217382530779
0.8505750598775897
0.6301275054549261
0.6705575610827474
0.3466335428764604
0.4559500323607817
0.5751496168744407
0.23674813645503634
1.2116352188357309
0.6507677458636647
0.7409371723572745
0.04469641433584618
0.27228683044728624
0.4863464177589027
1.1913701171843563
1.0435824771632982
0.46078293451529
0.1313939429374328
0.27431870323589785
0.3112311741232239
1.1883556010127414
0.7905269498562602
0.6175350981641802
0.48332627360066144
0.7524110715867306
0.8078242003380414
0.1578189720340534
1.929293825452005
2.620050495443198
0.28503024057613924
0.8645352867602196
1.2521187968594185
0.6090454991512241
0.7151068253569309
0.6707080470895964
0.5097725722497403
0.11412368963210855
0.9252416422095356
0.6632404626045889
-0.3282985006023331
0.5011149632790782
0.23622110020720968
0.49022863273790346
0.15456083293254352
0.26430600845749735
0.5364156573550702
0.33050763983538206
0.9590322498395567
1.31935050978157
-0.19531404655072362
0.6683365233290123
1.1225883597737012
0.7465476142413556
0.7832007516226347
0.9572252221287139
0.35259827356936096
0.8659736560993837
0.7170218130575817
0.4966929585089266
0.9196257812499069
0.6450278945318072
0.342714368885981
0.8015262230144393
1.0562578785335424
0.6904902851137198
1.2604744244911341
0.8537738328070846
0.8939295562070968
0.22197611762740002
0.5365894063771987
0.7662731596746103
0.735679055685094
0.6723826899671591
0.3772118414454319
0.30443711707671556
0.14823795430039757
0.1539248111526507
0.8682444044525061
0.756212300757972
0.4623570676046868
0.5016476986214838
0.17132694162815218
0.09474541685437798
0.7608898948037384
1.142706992457141
0.4515606648961228
0.4506219863735715
0.4630549212992266
0.562331955606783
0.10278875311481646
0.8383173299939252
0.8234075461715943
0.41032025801685296
0.39423378289936245
0.18434096435897082
0.7182721426826376
0.7524841163307149
1.3782870708641177
0.45952442326042603
0.7068234516967854
1.0060287715137293
0.9111371918319421
0.5969377702918991
0.2776546419297171
0.4644686710369505
1.4704211564036467
1.0228164730635723
0.4873511964044324
0.5884707251973912
0.40468081732718547
0.8144721420219274
0.49904625907952954
1.1122441772171072
0.21539514168995041
1.0238712388306468
0.7564127780490034
0.5851164698517765
1.1398427051611315
0.6269057278562701
0.4133837272108343
0.6554453529597486
0.7627493397794175
0.36404001830546906
0.7008332904563354
0.6568506434947727
0.46664418048100226
0.39077435205623257
0.47771369754499915
0.47946622559698376
0.3269311082076044
0.4727097567275112
0.7493095812508542
0.31637593512593987
0.7154951013012516
0.1899400366002549
-0.19906129066355396
0.2591024234652832
-0.04048379130177085
0.4157831692049237
0.5127760753550966
0.3377169994031745
0.7101361151205148
0.4641957805457386
1.1366473106831927
0.8895337448673807
0.013593822802229519
0.21751911358934897
0.6889179640784683
-0.2304040322760725
0.9974859892975312
0.3896499355791383
0.15788142289397208
0.8629418589294158
0.3444204092988418
0.7015012893531155
0.48706820246215915
0.5113785499145777
0.6726343235010838
0.45582297656087123
0.2954560338453645
0.05316670764492423
0.5629598961424517
0.8237969029140649
0.3035111575981395
0.6044194937945457
-0.04062619939056363
0.4672135940444078
1.2760043978688613
0.5715356826323094
-0.3953765689198825
0.4271432593087788
-0.07063886569952109
0.26395884154506627
0.5647794883768471
0.9000959874019413
0.16272004984452007
1.0451965471383302
-0.06088985750946929
0.6135623148673882
0.8563431399822656
0.4916465701291683
0.3221471553270103
0.8058530983813504
0.7050969779821429
0.5003534999623076
0.7720913870902592
0.6625231545819753
0.14103012466289125
0.7865373011559154
0.6664810324348521
0.48500398669381567
1.5592496002787544
0.8444992621782547
0.49209411165626293
0.6181181896622873
0.2773391826591947
0.7589965161029285
0.8923301269485572
0.4498716754201271
0.6861553398431774
0.351855647015197
0.5623214117135681
0.7340512779351586
0.4350914228631317
0.7326018381179065
1.830480288778072
0.504962171440432
0.5877004448275812
0.29200880646603844
0.8668151965913332
1.382824449958024
0.39940985014427577
0.3849956687761611
0.5952522223270645
0.5476302467649069
1.0112350749618464
0.2969740189585776
1.822744648854217
0.3344245999731783
0.38101435565780184
0.4646382273253984
0.29602442459948525
1.242641260710575
0.33286769528660426
0.27970232082329544
0.22582511491694324
-0.09442018383539814
0.861041282682069
0.7408960312620106
0.34565831719106943
1.1548979315940544
0.00816207527657048
1.151088006852499
0.49585993002186096
0.3989202724306919
1.140235463681493
1.3064329339377865
0.07382473744530564
0.3780773476890839
0.12314349810140186
0.2612492271869798
0.5880496489465129
-0.11319492479525983
0.8832054336247238
1.3680450077448818
0.6044705243991738
1.1438623387863196
0.6950523372186908
0.3206220168849318
0.5915808801086562
0.8935198716913951
0.4172176929800633
0.4942772801131638
0.36293386836849423
0.038726198602895105
0.3390865255593405
0.9798725886041294
0.1828294693611305
0.6152096654578743
0.8638354770331294
0.6857349379357313
0.3949526777414383
0.47598268464517557
0.6462387311961546
0.4298018701734238
-0.11527939226314117
0.46274476532512915
0.44625925236073916
1.1204766854391062
0.5388543803664639
0.31822904891698856
0.7551882842225929
0.40703030264912127
0.6313504445777934
0.20840317997462046
1.1493179063005818
0.6254728499237799
0.161106400064337
0.058317822900004486
0.4036291614800757
0.6668358087672726
0.5302931176052206
0.8311023065857762
0.7000715613852692
0.8752646013973754
0.20786286536901669
0.6340893421259812
0.3615355467621022
0.5141206343588639
0.630446549285906
0.29239253566131
-0.2624348801724558
0.5300063811323782
0.06036907491060495
1.0146415849926527
0.0863842839649424
0.053757179709498414
0.7856681720186837
1.098665433417869
-0.26158834796741565
0.5725737901882834
-0.14081452323371435
0.07341393273350717
1.1891551804584897
0.6726896372581956
0.19727562043263472
0.38978827340644634
0.49387450211584744
0.07554759196926102
1.0780810303466717
0.9784723848569721
0.15558355242831928
0.3346637637996523
-0.21098993240525554
1.0131111164086917
0.7001563873055779
0.7057903111159778
-0.11404777021547567
0.5849972143847818
0.060397342120553164
0.7363273841886252
0.6312388998282407
0.8005953756409295
1.5211171049269636
0.7952587519852061
-0.2553988150579427
0.5792848351684157
0.3226100813980543
0.3686951132383553
0.6540014211861698
0.47871402434084714
0.6841513259709185
0.8943766854415857
0.3651164639363924
-0.28241336693968083
1.03155710198915
0.2018220520667152
0.9186531819916152
0.1392040414826563
0.6413379683063145
1.297667773503765
0.8460384456330474
0.41350494716923475
1.0048435179295983
1.4657159728685956
-0.6217303573836365
0.42370853866129793
0.1862247248635803
0.3797819808720748
0.6202910219767784
0.19102595151933763
-0.09043075125621419
1.6393373408487992
0.6300984796774564
0.34152074791549897
0.14416573770765265
0.7357615878817721
0.22424830667989912
0.4594719393398816
0.9175044901118747
0.4162042047361924
0.7886817932789884
0.4869741385769501
0.7299675132560437
0.5857937871970521
0.2130065662253041
0.6974504730173899
0.4843933777395885
0.8163704326837843
0.6094135162161048
0.5735252324574742
0.8427918338144184
-0.2672409632670014
0.6670000490507957
0.8504113590421517
0.4065789445160843
0.5301805388479087
0.779553807395985
-0.26999512600340886
0.9461560111063108
0.8509836941123803
0.45006267604174727
1.1903763174789928
0.10400029004806277
0.83572621222765
0.6267620895609524
1.3181500264869577
0.7256425989615639
0.8269858597472074
0.7359451147923398
0.2025584597266752
0.8979053628197274
-0.011524035248547034
0.030112149432309405
1.0785130803816565
0.6125987347912242
0.7168866325697295
0.3218020516813129
0.09907806937039458
0.22413768772676124
0.950902262987503
0.2420711821395263
0.9730423191226868
1.0630592377315848
0.18567184637875922
0.6379874458176952
0.3905321849983092
-0.02630302508798336
0.36639620681554236
0.6247742703077793
1.393925506145617
0.7818835602852191
0.7566279117665046
0.27245444840001765
0.4887105253910098
0.7497986795050657
0.46501384020576936
0.36487010689250626
0.9621793977993335
-0.0940511391856889
-0.20452150371430336
-0.21184920104738877
0.5613713144580473
-0.04052569609616922
0.18161991537277658
0.4480376940927519
0.46539264186075124
-0.05345792241857323
0.9608041296206206
0.9333599461226726
0.9903145812406992
0.7803103010531008
0.29827440071586125
0.03356775400466483
0.6510425879609929
-0.056043832436905305
0.5113392261686781
0.5728668597854087
1.168232571380928
0.5356402878576718
0.31108160272788804
0.5607505356321171
0.1915570716939942
0.37488613032015244
0.6122735180692332
0.12693732631326368
0.5897456193436131
0.20574657862681942
0.6166065706834075
0.6902661402796877
1.2217790105196404
0.6970817478556524
0.5782662413554204
0.6624117197858528
0.5592807454293865
-0.05241313856619371
0.6865301980437581
0.3978227014200604
0.07883577279458928
0.13573211353181666
0.2802617520722925
0.499966689778175
0.14893710686331074
0.7636451135068567
0.820242617802763
1.0540800447975631
0.1405393191748743
0.24134175286972068
-0.025004296930673176
0.7935157721684325
0.6990239097891394
0.3001514339379016
0.6097117614230985
0.3969296204074216
-0.18967879438180782
1.043045857725265
-0.18186470145345957
0.7262287273651915
0.4089567537761971
-0.21805245837392107
0.47828553919016037
0.8218242278328726
0.013248340114763427
0.11374843084247148
-0.06436495162807615
0.9853651863986551
0.5105769628901471
0.8860162370286014
0.7076026522971257
0.7282189124637987
