0.09574226387905133
0.21009183471504486
0.1860647024682812
0.3598594450868567
1.0678422441402171
0.39522632902663607
0.7656672405845285
-0.1268611172138294
-0.09716354853945623
1.0050638751386827
1.1129425689603254
0.5037984673367778
0.23401236454382493
0.3414686660412021
0.4934573404530109
0.36606736981734983
0.3197864393310533
0.791699582632632
1.2300387714737573
0.4064526330321676
0.7259679386800818
1.1025860117206479
1.340954640886001
0.22910281761842258
0.838378559253704
-0.3003818253222406
0.6303364326106842
0.5724108871734312
0.6373077098709684
0.7866116548716887
0.41529110141710596
0.4817101910128123
1.1402881457266096
0.205385101984518
0.6629435834573467
0.25079806937019306
0.8928025974477034
1.351931937771897
0.27746970923162934
0.6669078167172389
0.7559736352263274
0.3967457772879048
0.8334401953480187
-0.0909172825964696
0.3979396252394182
0.23020057071419
0.5773774986782249
0.7197517386457092
0.9391687101933313
1.2182605656777088
0.16365161175146728
1.0687505136531452
0.4671635610335265
0.6102298904065248
0.5964899562916794
0.3431271413729459
0.9074383843178376
-0.06795829979543498
0.9134791619145873
-0.288042931443179
0.5652175738376912
0.4060361793622172
0.8661494082838171
0.975694651740375
0.1729727031339622
0.5140907367233128
0.9158248570021748
0.48164641342122394
0.8678608146437911
0.682977717160357
0.8918724819323695
0.6044218808551716
0.6577348657800864
0.8503580881373839
1.4067302481960138
0.836889464817152
0.17413166565835855
1.1110881240624753
0.17878423035465843
0.30784054669116384
0.39549591856253485
0.9808263889907325
0.23295081021490516
0.8345920871566584
0.6219825378249585
0.5681543355700649
-0.4012855767301056
0.22531303714574882
0.7184876875204624
-0.2104179449536113
0.5525571340322214
0.4826707506225462
0.35720568215709453
0.34899756681134514
0.6908241573626964
1.1381992073645155
0.3158917384528535
0.8237085132304686
1.1831030468324497
0.6312599826315173
0.8379049516822555
0.7770391052224991
0.2725946201121335
0.3795945454409482
0.8139046021682335
0.6741758059661006
1.9359529938414406
0.7706472675829407
-0.26226581915794966
0.4037778787128032
0.25598898904593675
0.7130962968627733
0.7238358907340401
0.5988164308427527
0.3120791431345137
0.7840256243592073
0.8447345172768044
0.5160939105975754
0.6432787114497179
0.14230583776631814
0.2916816136673768
1.4110533266647909
0.6778018223155614
0.6118948493238349
0.3652951370183923
0.28870716502313504
0.4162294599330834
0.5980491868542827
0.40725231651600535
0.9494334824493963
0.4762819114758021
0.7665898025648107
0.6568867604345442
0.34990620835640135
0.3889192831770734
0.38105491326129615
0.47282973003341916
1.2289768540204065
0.5293963481405458
0.12599080870651533
0.5329009593867624
0.6599314413992161
0.5768230883595554
0.9584101127631396
0.48512040894947783
0.5735003224805845
0.24525018912600513
0.6733364761947275
1.1471932535402107
0.09547336434935016
0.5389966166117232
-0.03650829603233514
0.7662887577446481
0.5812293383566536
0.1901145043404687
1.1301669876644274
0.4746667319607664
0.5297445092342068
0.196298143487344
0.064128351782755
0.6744692283640458
0.14209266800438744
0.8807354866928586
0.5023107626645432
0.216079529545929
0.5013943055198412
0.6634468803550517
0.30750769879137657
0.2670264326273102
0.4321581410035776
0.7746359111109636
0.6940255041041598
1.018143229675094
0.25639188427393006
0.6603486456480662
0.770612039066544
0.34052437725313495
0.5078334162901873
0.21513274283782247
0.40309566794069984
0.6524151211151666
0.18256942393668377
1.1743433054285761
1.6703891759556289
0.3484425682546877
0.6862529508333561
0.3366198428056493
0.6564035621073862
0.962859825100231
0.44076297234594985
0.7119810479727429
0.22411396228732008
0.7470681226674581
0.4163092550740401
0.9893755617803005
0.8013592090771904
0.48543533571428416
0.7849046364685646
0.6033474789985875
0.8682244301642541
0.7366917513762892
0.04456726907564492
0.3501126564731969
1.0539477531538861
0.5810149349131845
0.616839580719252
0.0082737942070323
1.4094468911996902
1.0150340650461989
0.1670010430684933
-0.045478840619776285
1.840491912371358
0.9487574526361714
0.26917258694557944
0.5114490410319389
0.7365721746295436
0.42402620086646836
0.3858520236239363
0.0780865259524417
0.4655991354173836
0.4447068070891313
0.22015612030543583
0.8383195979014499
0.12566228207566604
0.23004633497240504
0.9995095733639624
0.5527345967500495
-0.374950274382109
1.1923335492844453
0.22113661850188737
-0.17727046875067676
1.0474341654595334
0.9474817650504103
0.8096853484823737
0.4197455094200749
0.8010888447956307
0.12375231272854986
1.1927904457149878
0.21583309535027925
0.5440124064029652
0.8454007085950103
0.13764438829297587
0.29334653875936023
0.5983526009445687
0.8192930753570136
0.538696006559599
0.6150198598742502
0.22453455296844352
0.9265737387827633
0.8679094481474859
0.9192083394984724
1.1278712419447328
0.7408083176960085
0.7382232662137896
0.5509489814139329
0.5920955963075167
0.5561724973410384
0.18076848331725248
0.30155595154660686
0.5697856795809116
0.8962658699980491
0.060417102613268436
0.6041993978585439
0.2719791931573426
0.08284540295552749
0.5152197481324637
0.3161739880339783
0.5226347743490388
1.198317068259535
0.7409684784352429
0.5350067358567112
0.30014870947671024
0.2801879727694856
0.5250496591221002
1.1482164790331375
0.1966399227263853
0.7696369662500451
0.629311781203195
0.3306191283936087
0.48098961673577584
0.6660567619670519
0.873746728883952
0.07005282596156642
1.2310406858312
0.24527236947838982
0.6625498533592501
1.0871945009058697
0.36869029023588834
0.9700334373905131
0.5841082313323953
0.5597300612185376
0.5690448635840102
0.2765953807797634
0.724170384650026
1.3454944186151472
1.3416569032888204
0.22825333886419244
0.5102806477089057
0.6200277687502254
1.0792663969149061
0.2243945348695787
0.33748838056746583
0.8949682310848339
0.25688684621814856
0.45369925745500206
0.4524662539165261
0.2610128152721661
0.40100884041947404
0.06570811692415013
0.277723273989691
0.8345507939361662
0.5429587691319514
0.6449855966554777
1.0956109916060957
0.4235429830648856
0.21266683479593543
0.7900454188649254
0.38942534396510814
0.5698123708273944
0.3759444453420653
0.23588123074196854
0.4705312879054409
0.16805555743144293
0.1844761291197549
0.7493772838752047
1.2913957911107559
0.7775376316964336
0.7541902976009172
0.6200462429975607
0.13180010829538227
-0.29540194516841345
0.44007459011757893
0.552618847533976
0.4252194586211744
0.004137035712494204
0.4585945650506029
0.44629719937651974
0.44990204680286056
0.547718662510686
0.09605517351896631
0.663379562472653
0.5100164889993112
0.2706601306769381
0.7708335996722894
0.09935454898041772
0.6211218856683537
0.49872878881083427
0.26102875115446755
0.9241061234843885
0.6388729329740787
0.3033988276017917
0.30873291611968123
0.15814204343254656
0.8196715815999553
0.46191528841228346
0.46326089431055023
0.08382409043840883
0.20687144639248375
0.9189164700344414
0.8481618094271729
0.373368863410547
-0.011365930147741269
0.30157087456933324
0.235966731254302
-0.06064551477380523
0.523157550379893
0.17525199738115496
0.514231709008859
0.9349660221627102
0.9579450080727677
0.4815834466013545
0.4278159283569367
1.1203625770826662
0.42416604351733245
0.41327752280625024
0.2979352840094972
0.43872914927330336
0.594993264952568
0.69690934091398
0.46961113738988264
0.3486931710237457
0.5456407220408416
0.13138694615516633
0.30202604764684904
0.5835995558502651
0.6870786901507099
0.35586438330772924
-0.1563313797713773
0.36366241284257317
1.199516084596168
0.4356768341425458
0.31961571389361726
0.7064235729569376
0.6824989627431779
0.9584702329049017
0.6023800750498025
-0.15439099050135624
0.5659836713689556
0.6718713421800725
0.9197367652458017
0.07056851225165392
0.5887603668518356
-0.021962411139732407
1.0195483392079498
0.3572576708540581
0.6045469142623879
0.5814811991744606
0.27645342842940596
1.3552475407787858
0.032331440192177645
0.2336347116462317
0.5056173952408248
0.3179319441137249
0.3056612369929684
0.14179760333211958
1.0379998616875865
1.2463481799252423
0.749217280328871
0.6070005065965826
0.5430084008740891
0.37671596122540724
0.5742992975431033
0.4936258551818176
0.4007011881245737
0.5059776701471601
0.636068141856318
0.8005143674768885
0.042011173953090675
0.4623277603289206
-0.0859824574123312
0.6931346324829541
0.6298775443240011
0.5058553086090579
0.7191280934647365
0.6759155484097755
0.31363683641041185
0.7482192941195672
0.5429789452528648
0.08278072907983745
0.5130673454454823
0.9512124710249679
0.7609555657727126
0.39081981941866656
0.5459655894423986
0.9700444620233748
0.31250174019605204
0.09466609828492101
0.3194621627266902
0.5233743717620237
0.3286825555424054
0.6334669273790096
0.04022924533424163
0.10219197181860207
0.2943657282202265
0.8577161237443874
-0.024779784788665365
0.722294309666958
0.42618229950767006
0.6338253742289877
0.8096052830462931
1.2227822630069791
0.47078154796190175
1.1519784078209718
0.8254715029504016
0.5207349981297508
0.9101973614335493
0.15948533496622871
1.4310529125068576
0.5213405498294889
0.1961772077375645
1.4376005941962795
0.2647822443202674
0.08739815873925816
0.9669118157495152
0.2992523864954839
0.3666563829170338
0.7603155205931086
0.7985697605199392
0.8382413151832718
0.6749477108920422
0.3240675369323414
1.4980344014447
0.4723441622556905
1.2002214404099474
0.5307036047462943
0.2800029487447815
0.39253101817164676
0.3237724739057401
0.774404309876567
0.45444172936374677
0.261146767592
0.6400887689094227
0.7539347262195059
0.5076096955334686
0.28672786842134446
1.0874868024083257
0.6603802315706838
0.2338982316621189
0.8285841997335837
0.08513359643692064
0.42084796080931697
0.46585147168198265
0.8012279585382293
-0.2711824590805389
0.4129763826101203
0.8267691157868073
0.4943147074675475
0.2606066996554688
0.9076744502162276
0.5475243700310453
0.49183760940980337
