0.04315346481487972
0.9746649022358979
0.7437174615752212
1.2034314110113165
0.19972769466279375
1.0577445013743485
0.06940746565881288
0.5306730188316685
0.745200592120666
0.5496763182760595
-0.15075240931613526
-0.04620705801633226
0.1255930917822847
1.2643445305129049
0.28480970027650027
0.07936562007899527
1.2752694818277817
0.9626980441848794
1.4580472539992295
0.08075419088837053
0.5156681692896419
0.05621694451054906
0.5480339976552506
0.4568482126708548
0.8271024277769196
0.17696777158345553
1.2508761177788317
0.6347051960874965
0.8332503084409852
0.4522556038364509
1.2151921010202988
1.0585824728693725
0.5326581087390304
0.42785703073122267
0.29410948280787036
0.9064657173232692
0.6135727873940274
0.7376525950976145
0.5747169401900397
1.4421441085708144
0.7209950031123732
0.47450775600118517
0.9214898052018924
-0.06521033108858633
0.41417195473859963
-0.021900408834478857
1.144452547384729
1.440971566032811
1.0310125876663303
1.314225326521131
0.9605389860236807
0.3571168730024929
0.8883066545441869
0.19915779110852957
1.3151935999692486
-0.2622003513181588
0.9477957872174282
1.6457390569148422
0.795795596868548
0.5837099978101191
0.9010788934354457
0.6760369998867813
0.47487754593637704
0.12152766590444197
0.24485173753041023
0.4239309459529557
0.8020999246139305
0.821029901993727
0.5949010519553116
0.5149449083667864
0.7690606193824374
0.2994100030879752
-0.8380857029666532
0.3060499533417487
0.41911764785656797
0.4295151584748947
0.3902540644056671
1.0217547993080522
0.3611269346003964
0.19460213054700515
-0.2863156942960645
0.2721248611603679
0.573557806230831
0.8524240460101932
-0.5139916356869261
-0.1855850969812558
0.6943487152581077
0.2162792103307376
0.9277210855812741
0.3710894974718501
1.9398010633300355
0.032573927134459724
0.4236378054000663
0.8485473926303234
0.9283822292416474
1.2224548445926067
0.6404636454406375
0.40056101623358426
0.10676437928213232
0.3414359239418147
1.1819837422228392
0.7539313643368173
0.3458790761799196
-0.23650112629993228
0.5337477530506191
0.9352115049807432
0.30857363252379705
0.33551100615426366
0.6320687981591536
0.48874187687839094
0.3687640826775542
-0.2265271130145924
0.21575799983270108
1.1637488009146113
0.641730564777602
0.5622342274067522
1.3132968015864404
0.6413951485758506
0.6406528376881376
-0.14281816942240125
0.6308793326831086
0.23503472237044876
1.1523381173033544
0.046169074447709464
0.7564302015664596
-0.0034981375855992294
0.07203364591352655
0.5991272933083844
0.8193490016177686
0.5928797007010869
0.652661690836536
0.10182910346280849
1.0075646232418685
0.7357997326911428
0.5019731623229445
0.7455621369950686
0.4950262124055424
0.13722276770158184
0.1433934509174716
0.6919225351503201
0.5302091283428237
0.5546497631015161
0.21537653459865305
0.7548832195508194
0.2468338843439475
0.2322297122576714
0.19849291050517506
-0.08591697349080428
0.561745077127384
0.13934280853537795
1.0435188393169927
0.8756460082336286
0.14309620981382923
0.6338571812418912
0.5089506418768663
1.1743261207412925
0.24949800769517508
0.2568091683550507
0.5185009996563693
0.4235182682078711
1.0984153916335258
1.181408503626712
0.8595920802300223
0.6641424320062581
0.5865298705839436
-0.20202953506934382
0.20320271263523706
0.1585813698996427
1.3006584493569158
0.2545239114233533
0.9885768058356167
-0.08126200388501433
-0.06582912112856748
1.830161898630325
0.4729351234613284
0.33592089203964104
0.02557604233161744
-0.015889174199117468
0.6148969301584604
0.24398105016305327
-0.848414226473288
1.1469994146494917
0.17247636762795682
0.42741736841724043
0.9813186505963651
0.6453595910766325
1.0336395629107056
0.3093991516141323
0.1829803497553056
-0.048856896976213406
0.6291982374105147
0.26855088963016954
1.1462560651458567
1.7873507633429442
0.7735285781567987
0.515169582511085
0.1153988187504408
0.29775079123000375
0.312130056740013
0.6319465791292288
0.35638045595154044
0.5028528039386625
-0.04798659135062813
0.23293099314441257
1.0455635426681946
1.0275625644291468
1.1466980989691387
1.15852375838465
0.3216051641350022
1.426009466781896
0.33236251137890144
-0.07840535265268163
0.7065662479652829
0.7977289215073354
1.0552275956159056
0.20816260608820572
0.5496332830395785
0.16381937744352712
1.4490565549359842
0.6782706674753401
0.5126959165130008
0.7614255378061924
0.7337581571298727
0.38023915104564465
0.49998591373527973
1.138941970976942
-0.45589056595021327
0.11269814210033612
1.6547655039944802
0.7567805405884939
0.5068072277577703
1.342002688450173
0.9209068012542224
0.47086636209669214
1.8343909243839933
0.4960971480001442
0.48229420464368844
0.02214138313291139
0.035958377947288345
0.651458903571331
1.3236206276634825
0.6444112401884843
0.8109109460062802
0.4838348704750894
0.7126793875524063
0.6003622332841659
0.9947449901739011
0.4865490834836345
0.43319120082655044
0.5428403127789725
1.0175759530012398
0.3663749248254908
0.7771816861436766
0.005179301445979778
0.415137659357013
1.1065931526449648
0.4093763623081763
0.5170948694058278
0.28165713327747527
0.10377048668908954
0.049030731880248944
0.5002192484576121
0.7660766905873077
1.0213765984967795
0.6172388097881427
0.23978985675058992
0.3499086578642819
1.0523900008808018
0.6110368857925902
0.32189838101902635
0.7821049587320195
1.4613272511174265
0.33745958060277315
0.15495264856420077
0.559804415863002
0.6190988333323987
0.9554436668672911
0.6990168626713418
0.39182393237016694
0.40974472911318033
-0.016793057302024458
0.6815655125367925
0.28245709095691773
0.6147575076727584
0.6031954301638413
0.10820478657098165
0.7079426358350958
0.5929061117100848
0.8349408851419576
1.0011383870722579
0.4213242437898404
0.5956583056595215
-0.16372388037119023
0.21593394181728587
0.5264430539515359
0.7909878272420583
0.5759123156878814
0.6929894840546004
0.40823332873683366
0.464887885632896
0.25641525046546065
0.7296935327729561
0.3603427336884808
1.0732951306153076
-0.027977435756943243
0.2595225379103481
-0.08903460455448976
0.8190891983854424
0.7999629310874182
0.5676045376181421
-0.005241789348358755
0.7582059282915764
0.9637146333956563
0.01683155794400128
0.24684500088274897
-0.16330592441433164
0.19118903279766428
1.3093212700684955
0.9711073493188812
0.8042488006915409
0.9363994585390931
1.2569194969683353
0.75144209432445
1.2326168913636286
1.0664331280566302
1.1484578537965702
0.3452976083636407
0.30493109692675785
0.5511916233943
0.7699259412746765
0.28170757431324717
0.2597321741060122
0.17143952248397318
0.4638392075086823
0.6278092140501799
1.2507288848198417
1.1219551063642612
0.7134660104252643
0.7403889747480457
1.3004525878896513
0.2173081968523708
0.16415303620115976
1.2557710481638509
0.3975614340513347
0.1441184405409711
0.6579625294527771
0.48412436890842253
-0.19304372732098748
0.35768707133450617
0.35155823075582693
0.4451497649513951
-0.02218729266273094
0.5626968788457055
0.5867490892236149
0.8794915886010175
0.9226584941499247
0.6876372676937413
0.38723935691745676
1.2582314848210145
0.4312022751640787
0.9308843907307794
1.1000578719898508
0.8065743214099155
1.0181172788889807
0.7573334801174484
0.45028016639320906
1.1015484493071108
0.5450514284968965
0.7542933067671601
-0.19657150233715026
1.3401111726974777
0.6800655060591961
1.0715259095390095
0.1149046185875387
0.5998805163084518
0.5201435989027162
1.374119856426227
0.3365182753312564
0.2525933236374558
0.6945500049937561
0.3798040614823299
0.6005734837560496
0.5960983105692084
1.0511835646490724
0.5075974846254906
-0.0273669958721986
0.36732660602465
0.6835489331165326
0.7893483846527206
-0.27577649623531736
1.1673471779150923
0.05985806999998361
0.026491532679372654
0.7711319890328682
0.14485835346236586
0.9989750125854302
0.33315131701731776
-0.05519852824373402
0.2559895753186683
0.9468950300596969
0.45544645959615765
0.4213790461004739
0.5258789484949434
0.34576175529696807
-0.015607447884929607
0.8259191732733581
0.5673600195084672
0.6063992247043213
0.3556900365566697
0.37752423527839474
0.8580363728575578
0.7088481840396588
0.19979516404056075
-0.06392321257179935
0.5655467903038053
0.8377628308835702
0.7675467185447417
0.02127271898461337
0.4433301209116032
0.1642711670939966
0.09937408607992132
0.3661019218177144
0.40929115964091095
0.445331608766383
1.5298915358823477
0.271064478374256
-0.09525243530622314
0.39634429238569413
0.4027362038518083
0.3058171316449489
0.3481475440318631
-0.24701175403474432
0.8351219161604028
0.7633328611568878
0.39152737241946395
0.3690846499433915
0.7636515161854999
1.2823617378726258
-0.05899894914287233
0.6420403996766356
0.3252118123214058
0.5232968427972801
0.6260987417793387
0.2563870953542016
0.7216687335769713
0.49947591330806235
-0.3329855810018056
0.5874267030684169
0.5559883509871839
0.9160821374171745
0.7366957047839597
1.7968471072833168
0.3800307155735146
0.2819456341698518
0.8274026699050058
0.7420963882704438
1.415127194159212
0.029068354099408018
1.4647076049457912
-0.33025900514817486
0.7868348573665337
0.8030045822327802
1.0132779894051247
0.3235710803703036
0.25066796225639393
1.1493116087926782
0.25195604483048517
1.339698131282616
0.7552391913093252
0.32598336706465275
0.4604720504943871
0.2518570630649628
-0.007315175824236686
1.7930804002102134
1.005683072726173
0.36102389456613754
0.5318697503992239
0.13203652695793458
0.988205654022749
-0.02520770476470585
0.2177834115636399
0.8681552264074077
1.1017794599503137
1.3241726058298562
0.6771429084576762
1.111099799505867
0.5881539272063814
1.3921349965082113
0.366090798246542
0.7847483850487595
0.9616181915640943
0.38851151675279844
0.9573156073315926
0.7660714154745252
-0.1202557178425912
0.4089657872650605
0.7762080391599199
0.9480407982320335
0.6879797209769216
-0.17469981585839064
0.4886494458521427
0.3536414555275149
-0.15615238282908675
0.6018290265032248
0.06796245485109971
0.43345565412677
0.23666493286404222
0.7300096713299267
0.5439645156346614
0.2448153795872002
0.8751883319119513
0.7003762762461864
