0.971835424111319
1.2119995651697273
-0.14439133032254212
0.5999776147759569
-0.16277813423315637
0.5089065126413602
0.33187608279017816
0.5724434771835619
0.39815048660973057
-0.16089650361832974
0.34267497953331855
0.7024383726657737
-0.3484789233803091
-0.0026790887715624026
0.31680017424692014
0.3607191951741591
0.545434213788456
1.0358296342567541
0.5244955545402007
0.47160046123340865
0.3526987360358869
0.8483269156493124
0.7836943778437221
0.20851837881179539
0.5961684712109677
-0.36259422085181314
0.7035379542934894
0.38248150774036077
0.8847428754660056
0.8446343208579493
0.3459045503263538
0.2809701873623469
0.5030757336138318
1.3420611105181859
0.139289867229889
1.0091989265365493
0.6513540043608559
0.45900452041925965
0.2883244517451093
0.20253087689033836
0.31159268112398514
0.5809092207889156
0.5766380466507047
0.6172356626893015
-0.10890122412051573
0.2524548708524792
0.5007633626786951
0.15663305096918853
0.7722364745022657
0.19511264023664068
0.7317225659677039
-0.2766071691500913
1.2217988875126238
0.17942732057505129
0.35910254431885447
0.24604055468241345
-0.22472190525797933
0.10095763619735026
0.7193315962453477
0.34948778673825803
0.6702648435151164
0.19364828177570215
0.505878673850534
0.4618962677340021
0.2392653422130838
0.511937087478668
0.5245020276396188
0.4750451810597219
0.4492611407700966
1.0207924264903567
0.9098590530726275
0.6404336154277683
0.9830164407672214
1.3869598560555387
1.0251850744968136
1.5184038431224967
1.3548892750664443
0.23807179324805908
1.5789018990458699
1.5669856444433181
1.172301082020473
-0.3219576276792569
0.07790833665496605
0.5148086535977946
-0.07589498278995589
0.7554258662736703
0.5765927310554296
1.2029383799773277
0.5500369235102388
0.9364351595166355
0.6355233488864823
0.9416044647479848
0.18493334301240472
0.7576221749564892
0.7352714958418624
0.19001886037045743
0.2012976082175312
0.3238200496924082
0.5793725837134833
0.22948378627588262
0.9655434024815581
0.785011396477905
0.42152113327777335
0.4464999278323057
0.6694953269935406
0.7065052841183039
0.9274162739559006
0.24537517331578815
0.6519099818802295
-0.00019382215520089932
-0.07666906389852439
0.991898858687275
0.4641429321387062
0.4654404574918756
0.6454290692742812
0.5097653947903306
1.1303859112776176
0.9063815228687889
0.5367517670002323
1.2105366373951352
0.7977430723319944
0.7536018993362646
0.500895345234603
0.26206306743942304
0.6940956603429557
0.47315322748633865
0.9371160074718646
0.6176794322515093
0.3196332648065645
0.7879982001651923
1.011145933446125
0.7236957555767877
0.5477429941105872
-0.40616288403550255
-0.35468800877590123
0.8068597860966333
0.22401988223224586
0.8233674923353343
0.5225117949081706
0.2921452884501456
0.7581385153709496
-0.10467137435702872
0.4677012717016351
0.3595351219348439
0.08000069165311863
0.7013313846606867
1.0908618666782142
0.8305912009743105
-0.09970031591254537
0.8062349253627911
0.36268978704910154
0.3062443042539429
0.9384064497012558
0.7957899500364626
0.20211228368620857
0.014743711228631556
0.7989914857081762
0.05271746559479374
0.745628258703014
1.1465259537631989
1.3013855277567024
0.24011346090592545
0.8896305213632073
0.44678544042005747
0.30300733544119157
0.4758036663187663
0.48467276323488045
-0.09498135268239065
0.5790525916344307
1.340688041461269
0.4160725432259838
0.5585394329371222
0.5928308120141353
0.34991185897046934
0.16386045057137946
0.13801049099166304
0.3002729054605118
0.8341760806159941
0.13168203252306318
0.2972817490681916
-0.13553521169297367
0.4343410996385924
0.23442053882276784
0.0876826241757483
0.5014250445453061
0.5507136350651699
0.4096846526870108
0.6546025562631147
-0.25958416124846695
0.1864305516377286
0.5275591404828005
1.1790954344948814
-0.41432135370913353
0.019862063746860264
0.25629487639283366
0.5938101408865779
1.3108746703089589
1.2359445715896042
0.20653116982135455
1.0570795283234664
0.7066629426226024
-0.4606411333851807
0.516318322401757
0.7308443086096533
0.8890671386100416
0.7182081277524709
0.8258846326269381
0.24403341175900026
0.23977744051440686
0.2437813426143877
0.4906849982350425
1.04084477351037
0.23855480958633368
1.5423317092050617
1.4249577355620338
0.4723622840961385
0.36522473874858047
0.2296403781820703
1.5717488568337572
0.5943412517246759
-0.09546567340568497
1.3549771782882971
0.876348547570987
0.31199750140669213
0.9442132107627362
0.9970264948849938
0.49096381883413254
0.6686925187396962
0.6751009412790889
0.3456054542533394
1.3589695620217723
0.3823904551042732
0.8213713027680717
0.512062107195808
0.3694333481938917
0.1463260999219323
0.37129527250395583
0.7024086813177952
0.6311743105002287
1.3411653207304297
0.5073983919065422
-0.5406519516731754
0.416052772601905
0.7391347601159616
0.6570204709091921
0.9255710958104427
0.9214359049316103
1.2940154874041834
0.25851810240226997
0.4389598061306674
-0.039064969824887996
1.0540510667119676
0.7999115275940899
0.750965131023727
-1.1632400739455204
0.26867296099036214
0.3922826858069742
0.5729084562898621
1.2289420714434123
1.0822627745970121
0.0751252809334042
0.10094442841487476
0.047999536945534105
0.5508091268746363
0.36516908240773066
1.398212510215971
0.3250369398668224
0.7702156633078009
2.3501845188422155
-0.26403525357062646
-0.03658662380170306
0.6655509065471246
0.502409809470756
0.14826696687961363
0.7785281011809029
0.6751855524025664
0.45108607732107514
0.21356488805266385
1.1869289720842213
0.7725187011432166
-0.1357277942322238
0.0037600169084076596
1.2762889139642304
0.7706441302733981
0.42474592890258506
-0.42041879597439835
0.5506657065539174
0.9107643230163062
0.5608677245664988
0.8625040166672918
0.5356846441390087
0.4666054714650724
0.1847095104641777
0.24777462393692787
0.9100110419898019
0.22401732506135852
0.604619124764585
0.30721571763657385
0.6712148651926252
0.27803277707781343
0.5243829172216922
0.3229546157984124
1.3741968150656598
0.1991544532263805
0.07188781214580686
0.8065147560898974
1.1728406305068555
0.12620556959127602
0.27407553347347663
-0.11644448064439604
0.2857098312116891
1.2175045471690766
1.175436107511601
0.8123204843986688
0.5487521113162408
0.12829539874632592
0.10963775523890401
0.27565451639841676
0.421707960634381
0.5811614377067916
0.5320838956643607
-0.30875235848327437
0.6646902199127743
0.897653355177051
0.3735732361897525
0.2723448619623037
0.6489164402036954
0.02306391896627888
0.4864763302037756
0.7687991779737269
0.6826553806135855
-0.17904616213050106
0.7573948370048634
1.139016659858982
0.4310740144690426
0.005122015076139741
0.5838039094400129
0.2699672516787584
0.4978178396185946
0.2754625422532852
1.0572271922081988
0.9323092294157451
0.2555858609016414
0.8571141612339899
0.9282608115165227
0.3858851994448154
1.8425059012042586
0.741021464473003
0.7762617992233585
0.4477593347775781
0.5264817095418907
0.286963596977336
1.965212042323065
0.04757118902659254
0.6098721545368067
0.8059918213541387
0.7234014411267523
-0.1310874096966077
0.26738156693010584
0.49459212309102657
0.22555807437709727
0.763693794897998
0.7878781756736265
0.9779125729427968
0.6514109297975385
0.6374002513965592
0.6777042076496662
0.2025959342755549
1.107971627291063
0.9244655708699634
0.8094153640447223
0.31263838305256636
0.5044529052570398
0.38699530915054553
0.6036205895409017
0.1543828269257528
0.4192940472805389
0.06796043861985075
0.15870032350467225
0.42658287384719334
-0.05392001277379311
0.7194613370603998
0.7231152548289144
0.4880154701972517
-0.06109907899200856
0.04221869702192852
-0.5665139298929053
0.5600957123939024
0.510994695653724
0.8778241537493517
0.24596347613535016
0.45755893667229985
0.31271346110720283
0.14993429770263098
-0.05201247519991318
0.7172453190641308
0.1754745876717474
0.8363609726165041
0.19488129391305106
0.32344230286589687
0.3386521933714215
0.7794742111085305
0.646497209822298
-0.19711576224965666
-0.22349690979602
0.29254564800460797
0.8779902651872917
0.7494893234918681
0.7136258407160819
0.3603765583879351
0.5389778194776799
0.4823703066339462
1.2959766104496637
0.5227553851548822
0.7877648990912944
1.2820367548239904
1.2971625915147154
0.13295708777410928
0.4424543514660085
0.9309806045279148
1.1852373171641475
0.3376843594224564
1.021508633504909
0.4893446225007125
0.8960052461210309
0.5649669963860223
0.5920579657949274
0.7937025188891642
0.6649321009786399
0.9157941804734927
0.5898993136108676
0.06426886646751258
0.19988906007235174
0.7415448728878609
0.6616971858193417
0.3988101970709584
0.409446688030187
0.4610395006742021
0.6704515959146872
0.5816918986063446
0.4315555426282862
0.406677401035733
-0.08345863203780403
0.26551100730657046
1.5129994723122173
0.5935452705179667
1.3335410471901696
1.0131339596338924
1.485848262382852
0.7109859387721116
0.21318844177894133
0.7172380770783696
1.0465562220399827
-0.08121444728721645
1.1859537298580618
0.3370519988935494
0.040850523570479615
0.04778400088987611
0.7424764717116257
0.5042691478037598
1.1670214305506132
-0.002662602657636367
0.5516855037211769
0.3829245266094737
0.0914046079594895
0.689951186991947
0.3976697995435154
0.7399143490803337
0.4145893890115993
0.530761993766428
1.2290153338569836
1.2223383663126597
0.32451439032373547
1.4580169785990542
0.07953820313967325
0.041570506633609235
0.1345374700203496
1.1635215976668922
0.3976664324998644
1.049605166024172
1.0660011041527624
0.6084266518448221
0.5014334668076347
1.028158484781873
0.4613221786861339
0.639037559482952
0.3288032388676872
1.0165796808035255
0.4221784345067762
1.244030903231261
0.1513242508837874
0.4838390506915354
0.4707552466876946
0.4474559632084009
0.6279099943453025
0.6758509331502521
0.5733297833855202
0.8583598693202074
0.1910003901022578
0.6100775456998042
-0.1883271071615694
0.6279657251316354
0.4136160919020268
0.5878742629948172
0.365466832718676
0.6819668826300456
0.9907886382928508
0.6965215458975021
0.5375600403247175
0.30397103071905035
0.8282537853085552
0.05031423872091372
