0.5368577120743713
-0.18176517328503639
0.5726497354984877
0.49911163227435235
0.6330543327010761
1.9527370145362106
0.4420189342423293
0.7805211542395707
0.3450816835314881
0.7437588548968113
1.1560935691156544
0.5718451594899495
1.102111641373247
0.40606798712624537
0.7201433628549748
0.3216179798457227
1.1681833574266804
0.5805413654530419
0.8790991504428797
0.28989555185821975
0.21489815338815124
0.2975567371164773
0.4319799649526644
1.3010704369386616
0.6385723365153886
0.5020388316877523
0.4734423479730699
0.8344683365180452
0.7331333051145617
-0.23429987588837475
0.21493233242218124
0.540489674977116
1.0343614618055073
0.825906002878653
0.8494417841687717
0.13564269538335005
0.3859898263982377
0.31382371377314255
0.20761239477713891
0.7862054988055265
0.9774664401182186
0.9624435244155843
0.655250536478387
0.2344702716371332
0.25576466631250877
0.8574883898960541
-0.06904980533399231
0.4123177672355069
0.4005246932493208
0.5173614781925325
0.48979513698541993
1.050245168394916
0.4615196163051454
0.4252954444378583
-0.0468759435364452
0.9871050937024782
0.6892727307683537
0.29606140928145463
1.406041244861558
0.6904913243710261
0.2774420156797531
0.16822131876151267
0.5803749465246731
0.39242306696231927
0.6509789029144392
0.3417445020934223
0.08055500052565966
0.22837452838801994
-0.010327091256766008
1.1003497112150107
0.6783152172066139
0.9508311983238557
0.5651587487023316
0.48114396264958276
0.9725800603033955
0.09128720597515488
0.7668255427569969
1.1713777902251368
0.71871794337848
0.43347441135623016
0.617597646501827
0.22964316978620994
0.6003803719446865
-0.5460514727573131
0.6917496589957279
0.5000362858493642
0.5745393495398412
0.16959497822786776
0.8660031742641993
1.003384505994065
0.8662848696316207
0.3579955736714778
0.09961201056252089
0.2130181139895877
0.47121180853142186
0.7315851540229432
0.8465668616532609
1.9898353418758858
0.33794091889181593
0.19716757049504743
0.8856455552486345
-0.3225313778926189
0.26076168775708847
0.9865212987450732
0.2922430924378558
0.3434346692533527
0.32732532731834296
0.6393199294674569
0.618554665893441
0.8015252891538989
0.8692681508635136
0.7932288746508633
0.6547303241995884
0.5047122336115947
0.178654443283926
-0.11356848939185342
-0.04226242899025767
-0.09999740902960891
0.29995035078678606
0.37115070725916066
0.4234742404655895
1.0340186846128412
0.2964757512854376
0.798628330320807
1.0781516964511504
0.37649395705182204
0.9061924569814249
0.6151986297983719
-0.054268995844484046
-0.2843386301863875
0.8315918152628686
0.3008171116534188
0.6934524398253603
-0.14611828287991693
0.6468169112066079
0.8270667505654349
1.335993981481172
0.6667586207787259
0.6756806746560088
0.47989815620179116
0.3753207213008736
0.7755251118105636
0.5457842672444692
1.2134017297361512
0.15856525917230715
0.9304381153891944
1.4127106495093076
0.28447676360051394
0.22177671755535255
1.1452581090303988
0.2741103449106333
-0.19438998436818986
0.3174843295725622
1.3062006447790677
0.6757232952869101
0.9278248720681868
0.4239712159559639
0.4232307902990731
0.6894738188159785
0.78168367979807
0.3637033375810674
0.3320972354134855
0.6825595908704116
0.8288490532918852
0.20685943819141936
-0.0331913466419862
0.5644850664811759
0.6266815178944011
-0.20991105453114564
0.08151986180664336
1.1113274135385798
0.7245810644187557
0.9606283063243378
0.45079969795050867
0.15589297150168366
-0.020634891951558928
0.4605354302522305
0.9534556835571052
0.45214459118452016
0.8340078997398276
0.6784797796745901
0.7653822273757148
0.4773109086884994
0.9565983119008301
0.963540759261735
0.6305491505363493
0.2126413255387407
0.36033742278428504
0.5130207652452309
0.5556265437971678
0.22533582516320064
0.22401951270770692
0.4674487274575214
0.3967152773297293
0.7816323567416358
0.4641601675910589
0.8273864869625797
-0.1530331966041392
1.1083351320988777
0.19123320027759605
0.16014457257689663
0.43179679586329595
0.5918810269255949
1.063149579335753
0.5348658406765713
0.2172137461982017
0.2736296202944149
0.7776282020366313
0.06012386649055145
1.2429682051322362
0.37321731231901195
0.48028695591394416
0.21021866548856097
0.6434379380047229
0.08505678471601717
-0.0883936287277064
0.672104220986183
0.3819414015274236
0.40957718721772746
0.3628121736878375
0.3322330959641076
0.7292752151719185
0.39265144624069115
1.3235933952171817
-0.23304300678314316
1.0749853500216526
1.2374551044440143
0.30161360513405655
0.5196468718693011
-0.790745825756475
0.15913770859340357
1.1019537614233228
0.4536460927966554
0.6957757073831444
0.062277753345103555
0.8720575210063878
0.20106314672521153
0.6468513611165613
0.637440711408234
0.30814817796302313
0.9346462057768504
0.4187032210614719
0.8566424581908235
0.12388732704834442
0.6372651420890713
0.14280532446007566
0.6992582052134132
0.7314891487399526
-0.3757907484645944
1.171030360530697
0.36854296593016805
0.6056558482691278
1.7643683414323654
0.6257678128874292
1.2690056524358362
0.3615296805550295
0.4053672431560436
0.6052781406075023
0.679206084972055
0.18918451941474088
1.0699088979264635
0.46787821381271016
0.384863049217349
0.3302155051258177
1.4074443985488703
0.5927082252266563
1.0948236037116765
0.5164352792501302
0.5024452253641161
0.30601274301814474
0.614815710683058
0.14463830838478078
0.907966745691544
0.6607622201822364
-0.27925554571434535
0.6259716214027969
0.5956199006589428
0.769056113331379
0.44680303200836863
0.5278894806767489
1.0947601636168576
0.46046696208373133
-1.3819314273942058
0.5600147039064058
-0.0027970913961959387
0.7038894641299255
0.08490551088987208
-0.0831987389437207
0.5569844140006944
0.33372711700948793
0.7840346945266364
0.08838801949445006
0.7189313091358587
0.28299247328177357
0.1844827492021007
0.3737564693978428
0.5216839161223888
1.0180724335411548
0.7104692637301876
0.6424533947376477
1.0729146008902284
0.4589077334494458
0.5133113679397274
0.30302268457076903
0.40721433916683525
0.9786445301826919
0.39942512988234385
0.6533463311154151
0.36775196778365754
0.11178516989609477
1.4777018646397115
0.6778687855037838
0.744791676512639
0.3718687682528399
0.3180711290225633
0.3600714510729652
0.38291719475591623
0.0978812199934067
0.1631408497960546
0.16359518610532361
-0.4441368810811312
-0.02132866152487493
-0.2368188137020062
0.6305276603629112
1.0950070160480947
0.31003936210260047
0.5106097175561982
1.3482272236047803
0.48276443830084953
0.8873886171901648
1.2140543799569865
0.39740021252267227
0.5680900282449142
0.49757555568667633
0.6169915615282885
0.8622586244822705
0.22178376833369176
0.4637451794931422
0.5790757956458661
0.33334599363170053
1.174692293725869
0.4654609230246984
-0.21027884879183975
0.3388845256727411
0.5575416387559132
0.5253434412295507
0.24702098963513064
0.6703881663746238
0.7079202297245848
0.9332772288966243
0.6215164387386579
0.6577836129419108
0.4589401764776286
0.5135453845666915
0.5608133264271494
0.48266585365809084
0.7830754710696355
0.48834775993390994
-0.06676780706717267
0.21811527353866467
0.27433893053358965
0.9288354144781006
0.7915113325716364
0.4252752532091946
0.5560975942656703
0.4633907173578951
0.2515162635593289
0.07512265216037767
0.38482452037095655
0.6924881285178422
1.2287184040928916
0.5134835123937772
0.7404339546568591
0.2838252502441611
1.189028314724138
0.22302984434860684
0.5624097937775268
0.11514550111938116
1.0157296498040445
0.14399313206760792
0.10610534738236266
0.3590636107056109
1.5835783056848138
0.9461387435967618
0.021547544660002766
1.323318291176641
0.6519017543034473
0.9841313221857586
0.7497576703134637
1.1949040380127467
0.03314005236857239
0.10528952447561135
0.5071406516962205
1.3223235531563302
0.7387063981003523
0.28340973917644646
0.3969951988851003
0.2046422545743112
0.6471207596556363
0.9985690360651103
0.9101918388079037
0.8625273601883244
0.7041881862052549
0.41721932147879853
0.8107775870032436
0.7690257890798867
0.4213616503748669
0.6493539906614573
0.22528205889690608
0.6305701283346629
0.6474264138938008
0.5827672499352152
0.5636357692470463
0.7178872505535726
0.5910535355056538
0.4656274579227826
0.45527237153447914
-0.040522104278112536
0.5565813182807231
-0.4535778657493818
0.5091983989965932
0.5682852930712924
-0.19724068330756803
0.3713041830824477
0.9692001672797961
1.573093665919987
0.5019867750831811
1.5508752947060593
1.002630381024612
0.05401562114189754
-0.013734103089984592
-0.28525971128121846
-0.922421190263651
0.7430516211346063
0.06860658392320679
1.114548782449628
0.85203243854711
0.49385216095733636
0.6095190783433962
0.45213735465238436
0.7157636918949026
0.5064693825167556
-0.07545063821777098
0.9182724606288323
0.28252805416946863
-0.005137200579601112
0.7540598194635981
0.7399334054885379
-0.056433179424596414
1.1688966499237006
0.4033515078429754
0.8868449579721106
1.7418745274180063
1.105094198002016
1.3420527878884057
0.18285056583858128
0.7161233256490477
1.4506913964515211
0.35711228316213056
0.5407881852580745
1.5629828016250196
-0.21597891773926592
1.4051095000484093
0.3139305308892297
0.3229326053413805
0.15638530444595541
1.0768419429641753
0.06742348940273535
1.0227279249902992
0.443909388620582
0.49188273612586136
0.18288663359479174
0.4362173415239832
0.5307323545606525
0.1770764291113063
0.2129287580060569
0.9279345488928742
0.6278460074894552
0.8511897555582247
0.26694344443675755
0.5525258838074482
0.21990100079957897
0.18782722488304282
0.4708083617120667
0.6638651259092111
0.36210819303612296
0.5639085478199345
0.6974584546989253
0.2541193197459315
0.20825529097159276
0.5193965731152509
0.509679382413286
0.922552050038437
0.5578815372119502
0.4686985616826727
0.4255590142555506
1.157142324005829
0.25386816978865173
0.8741857958853174
1.0910766485973948
0.38171573220615235
0.5337699766500232
1.9959306280359004
0.9709063681662881
0.9191015458858943
0.3427941114215572
-0.3329006444450346
0.4738096010786376
0.08579358828897887
0.4018787340446122
-0.5429420655859679
0.12962074426161777
