0.07160687247484449
0.19076281833397526
0.11222532953417963
1.0649774892783233
-0.01547538313568366
0.7364701255595829
0.567095623579018
0.42780220955938936
1.1294580087030004
1.5170035631163892
0.8865600363081522
0.7630944607465221
0.3621013882886719
1.3635193548387674
0.7643881751704464
0.6544699208408608
1.0331613308069534
1.3501896254435204
0.459109350736177
-0.03235974609063715
-0.2008371262314196
0.5841186619012148
0.621529389697652
0.2236372709837685
0.5722347239311649
-0.2767220369402762
0.4873308375522806
0.7071526682882449
1.0944951839671486
0.6767262451649804
0.8447270817427454
0.5412133627559047
0.9395085018138752
-0.05647958818415629
0.8178792520744956
-0.18743558577121433
0.30520961043813843
1.0917207783245926
-0.06287715555516314
0.4575202555317493
1.2208895897499463
0.4357832053365529
0.8031390626382174
0.7026495299922018
0.4868362152015296
1.036510555720086
0.3313882340048764
0.49290600840091786
0.6729921021069605
0.044736098199202025
0.7404011088793351
0.4304822895339731
0.23236618011049007
0.5004878158035045
0.5315524765238834
0.5733177797275054
-0.06920389246324503
0.060884195211686976
0.4164877252057951
0.8351801498085657
0.475888412853418
0.7132057297741025
0.00018717377442277935
1.8938607062853328
0.9426318776885568
0.3445229192396447
0.962400512007228
0.9131613113522506
1.4553357478039608
1.0347094161901202
0.5106255438722102
-0.02301655271170285
1.0306730365268206
0.1095509886449464
1.1978452983292425
0.7771904185113065
0.6467338332125293
0.9877972746148068
0.32443533058417057
0.5153683246475275
0.5986816214128678
0.45376077807206255
0.8193329530885953
1.0480666015686022
0.2542049777778705
1.1490300583362922
1.1844029495625892
1.0912165060374992
1.0336839688915644
0.6599744669924202
-0.2612029429801819
0.629679536247289
-0.0803394379008736
0.6066734402770778
1.6462934379295502
0.29359682076798815
0.533590089155573
0.48328500061312246
-0.21948911541586744
0.5142550797504598
0.4302252617742474
0.6925212773157282
0.6459793149203912
0.03426537808267808
1.0350828641135925
0.3539571748238412
1.111103380392164
0.4523273401737451
0.4405800651292287
0.13457283824188812
0.8910536184875713
0.10142548038179079
0.8803050048394324
0.6188522953799979
0.6444581480748487
0.6551257105409863
0.2962839615253023
0.7671382634296037
0.10886290359640809
0.8240127465161686
0.3648731420758076
0.847563217141126
0.2524838131885692
0.7555472914008118
0.24632626230914298
0.2880483092948192
0.7021431404246098
-0.5909788208497866
0.9648957730991755
0.28511182538952495
0.24365328641379147
0.7938288484115831
0.37619373219911517
0.6147366245015854
0.1914424462050044
1.3411248414462822
-0.17208344330669556
0.8072467450253349
1.0580746560076821
0.1937558395801324
0.3913552349808887
1.2320540778053
0.7373498700129474
1.0189613950235297
-0.03488005244439236
0.49353330758145586
0.34571225148247575
0.8161962557743146
1.2984129178376416
0.8459775667154138
0.4586570820094762
0.2338813472958774
0.31233019210136476
0.9286410577655008
0.6729120814549635
0.7426324632193649
0.19211083931532755
0.46413133316667604
0.05159717265055546
0.4980992483899917
0.5175003177063303
0.433364207868149
0.29601633931883753
0.8717245752086954
0.4903465308598604
0.2936997659529436
0.2513714237649059
0.7663861269644453
0.6199179003969036
0.7751900419689634
0.2603351523049327
0.9066241008419923
0.759747280079622
0.669971371316563
0.5557024883088122
-0.3303480704090848
0.22701689743091977
0.8038227268092676
0.39156981628749704
0.36402112219442406
0.4405289789331493
0.18786267402930723
1.5767702907410739
0.4476721342088689
0.3317950878614467
0.20929478796003273
-0.3436587147979348
0.10489586285712749
0.8733939989080489
0.17693012314160117
0.5820347177516709
0.354176631978325
0.26152496075924614
1.094824259439001
-0.09871484630538396
1.0579810307320587
0.42666212503331674
0.6075487364003633
1.7545032170259465
1.464504848676231
0.40508479622207444
0.691145410640471
-0.13393211343284486
1.7338839712576142
0.2509018915934152
1.0000107477423226
0.36596450330957647
-0.05768432597555454
0.1672807598620045
0.7042080065389168
0.3655807324884904
0.37313632057697893
-0.4591196709888626
-0.012502268983068795
0.3309791507928859
0.6114783463289416
0.5300344455444145
0.5353228355169846
0.9976740216290009
0.6308334521569025
1.3176698366417985
1.1842462097994886
0.19477144915313024
0.5164004354903322
1.313191220375404
0.684696038550328
0.3709699027796421
-0.23219265628720084
0.457416496821093
0.9601055725369906
1.0702082627375962
0.4214240340217949
0.8906593527841205
0.7354564593881147
0.41768579664721267
0.48652526282549496
0.7421650258054977
0.4654955852441751
0.7040256634778524
0.9522245263615039
0.08396868410484075
0.6398591258002319
0.18490528583999674
0.44726926141363355
0.43561495800554084
0.013128276893586014
0.8247076090000035
0.6210662830233868
0.04899834796167613
0.48225166433311
0.7358425869543961
0.18561540193903392
0.1400847297116193
1.0664045890914935
-0.23249046504625168
0.7498034324972668
0.39731686290241813
1.1994690031405402
0.4106092985290846
0.2879515946943652
0.6588376584689867
0.700357233819572
1.1507067480720485
0.9117345517147374
0.06099400554119084
0.011410351748515716
0.7411258228004618
0.5278971247015501
0.6518090079213347
0.4346696964425061
0.09812610399779371
1.1696062987123903
0.7362484846754414
-0.03654099703094469
-0.017994752889120613
0.5899764163442095
0.7390982324979833
1.5579748898836125
1.5614139573242902
0.1794611945723629
0.9577338781298073
0.8878270741660508
0.3403970691103309
0.7111757079875258
0.05671691420070746
0.006541546318138127
-0.08093751262070874
0.5499633720461407
-0.1337349628518719
0.7802641918640164
0.551978086495429
0.3436707556849998
1.0424205263791426
0.6841377110638511
1.4589349677732455
0.7431136229495765
0.8184869886876944
-0.1433721203400022
0.9022826218065864
0.448692251315054
0.7234912856168133
1.9050885408795402
0.4976048344047877
0.8382541488246394
0.21743316645406485
0.40417828978596687
0.5977329773273018
0.8557041001318928
-0.21110369732003084
0.4421832875080114
0.4400343762388073
0.251132421119494
0.5857459195106234
0.34534585574693333
0.21544379467042596
0.3919867063198565
0.5728264675779494
0.6975219206570803
1.180067079319361
1.0420375751865067
0.15194078563109947
0.37785223432334675
0.3095214236264286
0.5062752228485878
0.27233426894913104
0.49756272546456987
0.8172307436824161
0.2869925954725857
0.2993915470610471
0.987805959831313
0.2632075755145503
0.5094525598279703
0.625511053917046
0.21538879677508782
0.2728264900296489
0.5420229018002087
0.5440739407799777
0.5299722783321673
0.8252004754225245
-0.9011856791066787
0.7177696866693192
0.5581327550737517
1.9146541803856352
0.4998055191687793
1.0944760701039409
0.8008139500728904
0.11594983314486744
0.8621619128816557
-0.1297164297491613
-0.10258193735741265
0.3810696846409427
1.0993775183277477
0.30863256142338596
0.5023760684983832
0.22836054681857076
0.276523634478068
0.5028053759153468
0.4921649469200217
1.4828183417309753
0.8724425426971093
0.5244117635516135
0.7469435256870071
0.586779255391639
1.3020980879695065
-0.10123204387308636
0.2760316747710853
0.5249486101945376
0.9300355829612009
0.49291922278072725
0.6147570254203827
1.0474650004419588
0.5686551663455659
0.5443522753691538
0.5073833064621831
0.4580728774731447
-0.5935885143243981
0.914644933528732
0.3534344003472121
0.8356609920007768
1.0242643319063485
0.5770895792648242
0.26369458805976803
1.5628079862961608
1.0473285061005964
0.7151126003516025
0.4781828689869854
1.0089813177243911
0.988299507910103
0.7126586440980395
0.49351299261454623
0.3466324925246295
0.41400349494758987
0.27242141786899987
0.6600354268801355
0.4130386045255819
0.7988431329481225
0.5062877062157277
0.3964516817502976
0.5741644579077639
0.4549823437638591
0.36483622015609996
0.628841526002511
0.312667471912035
0.2900341048840165
1.2585054088028622
1.1373658732836494
0.1731877457132501
0.4198225765990636
0.0466351617080186
0.32067751613366435
-0.43980371401672436
-1.8079007926258106
0.4003542847528012
0.30866238300018295
-0.0984190306526645
-0.18547594092560962
0.8869284501122018
0.24407543189751468
0.46479937744417743
0.6069374181688694
1.1412352296712174
0.7628645410040509
0.5163530836945701
0.4213566946898036
0.6872146906963392
0.28857388637995857
1.7277804442742453
1.4456837100922877
0.3491552580261714
1.0545291631244496
0.6764993704187335
1.2881146968430435
0.660736373223295
0.4280503050576785
0.11110230600610536
0.2840990291704755
0.09585465011452955
0.603207405109599
0.03477960677971761
0.7653859289751163
0.4737900230869691
1.3177140983459519
1.2992150590319078
0.04309954529096074
0.23101589588607055
0.5950032653014029
0.9137419995171151
0.764109651966824
0.2113281990925724
1.0075304492202075
0.8123073287735995
0.6787275244625014
0.5698197989091892
0.9864235151390067
0.26084244291498954
0.6189494041890197
0.18886189013616805
0.24141860733426204
0.1077816386618703
0.6029075017059812
0.8726996586701734
1.050883340043318
0.5848290321253098
0.2685228717548093
0.3270552286381743
-0.1299151208099394
0.6169075746738694
0.9121340135184747
0.7613392910820598
-0.13750538137054744
0.5761866190108563
0.5502829763360514
-0.40192225318156494
-0.3260531768826647
1.5768735947972188
0.7719867616545306
0.6851923208421379
0.3215671860261026
0.21126010337222131
0.8586101192644114
0.6403215045183175
-0.25288247053811574
-0.0004004998680611216
0.3080625513132325
0.36852159848028826
0.45281624613307847
1.208243785761297
0.024802682689810354
0.37471797072975016
0.2884531886386424
0.771864219085964
0.671753956730243
0.8237742467052313
0.5597455843565553
0.69969045784344
0.11956332207067244
1.7400298450240796
0.8042665852882829
0.56433278549594
0.6778964762870366
0.5188093894753537
1.1125131830841277
0.4366846686708043
-0.0715978728799847
0.5232385412490225
0.381570773386897
0.1525220707010787
0.948921947929711
2.0817941433116194
0.7097189914230039
0.6498369899521087
1.0063450848304563
