0.4348847213545453
1.0256872391027791
0.8297743824523357
-0.14005093769076568
0.4244994043611725
0.9321240652477357
0.6736918753985686
0.17520995724559127
1.062293830160676
0.9957844604914597
0.294328030832512
0.21153492038583654
-0.020084512549395583
0.4716357016504202
-0.0906832220517177
1.2694488646938578
0.6319318828337575
0.09392213062558157
0.6305111417955988
0.7497504958569591
-0.23221435245820662
0.9419996006235248
0.6229722033243015
0.3612454250777309
0.7623210513901929
1.0779277007787176
0.9120455049811049
1.4779875647669067
1.1599429787515898
0.6186468898920113
0.6111506415512382
0.31317092340819874
0.41105640359631274
0.3847656293212893
0.5617660155345222
2.1212873214321397
0.3779384738345983
0.5876788833671011
1.0102161017850864
0.22307614139822862
0.7974631490855786
0.38531087993869373
0.5952584350786341
0.4231805810784373
0.043079909799465264
0.44037633309570445
1.2368494498715596
0.5572381993488865
0.3070549741547703
0.41482774361537783
1.9065231326547902
0.28457412419338896
1.2102812435284085
0.24548699024457732
0.5020297149612458
0.3263562102622058
1.0125077747993778
0.5600384987638676
0.4101174871204745
0.8354060657484323
-0.4636959155139306
-0.022463641317933988
0.32387596408328667
-0.26709755542949826
0.4281392427340294
0.5993200814584254
0.7734128488791477
1.2044393756507268
0.3563010618492736
0.7405436977516762
0.7693645543901656
0.10046699672517088
0.7874625816164286
0.6245279501497383
0.9542487705169925
0.8376810324137542
0.0796940009025673
0.5329395177458133
1.1817206163909706
0.5450920569736937
0.8416106220588063
-0.29321243528341784
0.3554954510130732
-0.309527317400917
0.009768777690856786
1.0690786681919728
0.6047964635299471
0.45837109393021275
-0.3502003529188806
0.2518082957267667
0.25528048407374415
1.3480859909909626
0.979715151378502
0.9716266953376421
0.8240202100150027
0.26927977449924034
0.8657071670304362
0.9140489566783376
0.0329346501933812
1.188643511063592
1.1122108002489197
-0.24457331335379792
-0.1650332052761924
0.3448197477816866
1.0018407839751307
0.6878917214132345
-0.2910090933462741
0.04408769302750628
0.48828866076466343
0.8890459209984792
-0.46309809876490643
0.47211700348530794
0.2859257280519321
0.7163259242377497
0.45808183718430745
0.41335715816079893
0.7273468047648636
1.1429415325816568
1.5326499889028786
0.9437483453120906
1.835907939487335
0.5139147085942181
0.43837640829371277
1.020024425317519
1.3661678659061138
0.5100718281971117
0.4676980127189209
0.11575993984322515
0.8185073609159348
1.1880120450892215
1.067481992220568
1.0165511641648008
1.4123968445793322
0.9418007062220403
0.5644444986873512
0.4877750639533461
0.5258416907827522
0.34452077625276006
0.3439135184390172
0.6123056716372927
1.1973352491723075
0.8549275454220124
0.6190669990581937
0.5588480675198152
0.8040353490799795
1.2733043005337166
0.702806915275251
0.7683754410567066
-0.25508916194484393
1.055503111229668
1.05009196431503
0.4172072149142649
1.258102845338486
0.48852562696092244
0.7263347480527197
0.49949988638389115
0.6757918923802128
0.8096488789261099
0.4321102670376766
0.33774987942510665
1.3642163693761402
1.0511787597793998
0.21505965952485692
0.6397061620134795
0.5071895737392912
0.4734143544908209
0.9670384204708151
0.3079997604254954
0.5113617053911804
1.0130163871268312
0.543713084855023
0.7331397542352057
0.6549019866618314
0.8399576152499616
0.43561943138811116
0.5908978073352084
0.7145571749628209
0.1641835484812073
0.8951988661911603
1.4056208761681328
0.5189251437601291
0.34935640238383064
0.4070382593051785
0.8213169624382424
0.7903845716691889
0.7548317344892217
0.5540846348065965
1.3415984391169165
0.6327610139417879
0.9190140893177027
0.7580287776660798
0.7712147260040024
0.13637550999836964
1.4181810406676705
0.9848497037086853
0.5362888272963467
1.0997434396531338
0.37547840806434857
-0.02274807527152369
0.7988135004373563
0.9110579894879937
0.7431817696677792
0.5539296395252932
0.38113520975217874
0.12412517476345182
-0.18135705552288936
0.9432436227571003
0.636141336034619
-0.32759809002761187
0.16185625285738237
0.5886801634512568
0.5944796450129608
0.7572440621571941
1.0928701476112663
0.7254813520833264
0.5983822491066507
0.15746265907975188
1.1835404541324361
0.907761834655508
1.1746626959450683
-0.2767887789732227
1.2213899186484587
0.9515723128883368
0.3215278367075117
0.6652177581146448
0.5175857788151211
1.1538543046036247
0.5640798911607939
0.2873988262373878
0.7527795920458509
1.347978878444919
0.7932947643988624
-0.22541570756226662
0.5255182287350293
0.648581753965208
0.48998765126924276
0.5427657395264583
0.4243507355201814
0.6428309160784841
0.6780873511175506
-0.28956511763892645
0.5499377410135647
0.06673524546418484
0.5055411222589488
-0.25421463044205184
0.16246865269923177
0.24501264236762135
0.13185180544207684
0.5187448438809589
-0.16025726641383456
0.2977328145945785
0.525961924328708
0.981266065307245
0.3722952283545196
0.15435428439588217
0.7376280154984863
0.3294465372957694
0.16685816819315688
0.28695396209572055
0.5446864349009829
0.8090786364015902
0.39907215600909884
0.8667945225506158
0.8322552398471917
0.7382538053140966
0.8752886324796862
0.22848448929372414
1.8580786477598146
0.25441401698094374
0.6494934005388641
0.5980332978642543
0.5932021080417925
0.9535307583258831
-0.009525652788668104
0.17323140466644169
0.5109608414539757
-0.25761289270480536
0.6692483554386018
0.7404262377237804
0.45659879812456755
0.8935970368101498
0.5377160216788716
0.7121026499429407
0.5512329467838114
0.8996849875044884
0.6105601403474471
0.9670862841021232
1.1715208725891009
0.8543177178609103
1.0480007276588044
1.0287207773177685
0.898119708366743
0.5349704298422499
-0.6155889948720947
0.6593623161647504
0.5941208873235416
0.8128341474794505
0.6162859605528352
0.4076957386181627
0.9712051925269255
0.5139324960678143
0.18399129979584516
0.46736874932091244
0.9159624698467734
1.1246722620277583
0.2889832657415268
0.05298911084964592
0.3344193278696262
0.5613350085076767
0.19449164788307227
0.5426136939053455
1.0023564684920638
1.0676098171134445
0.6229444920141468
0.9922140645504262
0.1386754341147328
0.4742074777383281
0.3061144400312242
0.7366769240446324
0.5411034315721072
0.6697754593018416
0.6607116113229594
0.35096987291437726
0.048271724715832486
0.6035129927581799
0.7816833106458305
0.27945390611117
0.5703721550857835
0.3197263349778429
0.9025056020095552
1.3685430651698551
0.19804308936549875
0.810735611403201
1.34794534363762
1.1866440306103219
-0.8652046430707991
0.5129254622223279
0.6224309509064041
0.9104205500903934
0.11861525612727597
0.46012051203370957
0.6295830960106574
0.6936743158716169
0.22679569863417395
1.187841179524882
0.5187053015322575
0.28227805015778235
-0.4111598844379973
0.6249664677681931
0.35914921323884164
0.08159709570754119
0.33276850790836165
0.48250898866564196
-0.11997515745114744
0.8515587707773161
1.4119296099314085
-0.1874599759182576
0.2914262354103203
0.7256905795029632
0.5873028491868683
1.6431681607290678
0.13731242846875844
0.7378974650701203
0.4112013778032603
0.05294108063513689
0.42948128851041917
0.36894223535016596
0.7362327364322093
0.4805691510137528
0.6479098739829472
0.5425801298450924
0.8287015315401128
-0.379442077940129
0.5450370962118348
0.6256101167396236
0.8809359466915828
1.208885391521784
0.17101026341269732
0.5459005296212222
0.5929519047791961
1.0633411117942482
0.2442939863253627
0.44956980540990665
0.8832271567028885
1.1148029280783902
0.3047489157814415
0.2413379812147782
1.0133541023825772
0.29445268147930803
0.8288108444810267
-0.22487698099856335
0.5315047736691568
0.7345385810354955
0.17642338030128268
0.08643175248121493
0.2457120202682186
0.5405744005568409
0.4385955393719101
0.30234679034898754
0.4070668457376792
0.03663906745644449
0.9913529334560734
1.5421074052963817
1.279043041491968
0.8158253933008365
1.067288953512801
0.8635916694302607
0.6951109552527132
0.49665336072409544
0.27278871544407196
0.5016736961056928
0.5027806032671004
-0.351511103176161
1.2524848782864295
0.9294011272717689
-0.07526395982930088
0.37821809773414294
1.3404771489183844
0.712088782791613
1.0984706021343111
0.1563212824744693
1.4403717843353592
-0.6432104089819121
0.695478924235195
0.44573743875826305
0.5035448745679078
0.9912820333026703
0.7561186944093143
0.2909879737697453
0.03615226073841379
1.0101868138369439
0.3531159283441514
0.6016147525738049
0.1491955151366574
0.40398258129304904
0.14662923996690266
0.459632518192878
0.5160239622197439
1.5875788193434701
0.7545249087160211
0.6497793388076841
0.6791098756742854
0.8867360067982667
0.16643200885762788
0.6053631605555277
0.7683599272099042
0.203196650183466
0.17947508365542705
1.1722678266108744
0.7877723786276122
0.41227052056478614
0.3139053378685373
-0.2244895873295604
0.2055538109226606
0.9572589081064028
0.7852293563766507
0.054937272997327036
0.5236265781001636
1.030968421095608
0.6895853797737869
0.8047643210555192
0.12295524155968536
0.46688177029966155
0.25003994845088384
0.548216638270202
-0.10793604704544124
0.5840663522748636
0.6113788734590339
0.574186101633734
0.6037927170710118
0.9813834447763267
0.43359620245831404
1.0561957815253387
-0.07410857191892899
1.1065010706648264
0.5345795479262521
1.1791146976707905
0.9544999997486509
0.5976804737459788
0.8563101432731205
0.31298866763069005
0.8150110853307755
0.31448215426308584
0.7342502770355598
0.321656580144875
0.2369704507795752
0.6112456651123236
-0.1858092223757503
0.4621967576042168
0.8316816086609293
0.908726758382755
-0.0912516869929663
0.4487207018127604
0.6176732053562478
1.953754258773478
0.6082236487617575
0.2536840590165666
0.6397868165909261
0.5344463682507173
0.8024580607610751
0.5547661103937731
0.6573098936134542
1.134245966098921
0.6808218123475417
0.08934495126422182
1.4922393993593384
0.9613949981321407
0.5268713127720869
0.6726896303079305
0.49774036047361564
0.9086639613255242
0.4546642148029012
