0.2278556683239553
-0.24042900639270845
0.3865437916103193
0.4691150896745892
0.8682472531299062
-0.14417658141403025
-0.4842228243857032
0.3970341215847377
0.3340604455823309
-0.8560387602946541
-1.5697443663277648
-0.7008367239946326
0.08979403411052785
-0.1144442853814641
-0.13344007688782406
0.5792812920759767
-0.012883922931890453
0.29592246463984717
-0.26985288959825476
-0.055971300525043455
0.2582683283010203
0.3967126989160141
0.4301246420340111
-1.1544817391214823
-0.2897372120955665
0.47630102353437587
0.5157676723772362
0.3797117434524017
0.10337586084155213
0.39044291796120206
-0.572132826208617
-1.7455815509902737
0.33351215913250026
-0.7434499868641478
-0.2402667893135155
0.10984597577601996
0.42083708422854066
-0.3076520962628663
-0.11211652208974814
0.09207001294439775
-1.0317855122229975
-1.9117713032047297
0.4134827797080909
0.5920020729649591
0.38185431196147296
0.020166885697555478
0.05982644570015011
-0.3603920862241101
-0.16397215014766267
0.3743081547995231
-0.2289480042066102
-0.38975188063709393
-0.0738794473161345
-0.4100407080559936
0.15875723021210628
0.14871381714401272
-0.18350485003541586
-0.07175978905726793
0.3235663390749111
0.7558542404332748
0.15060621476628472
0.028263986963371235
0.17574024786514894
0.1920352281247092
-0.6527621011683532
-0.2390466014970377
0.317048448087014
0.7241355380253361
0.26065033027821466
0.35997831572433664
-0.34572493561735446
-1.0740203715875403
-0.8254538707586221
0.18980584626231048
0.5193762985750604
0.08733770254166212
0.1246438782277887
0.8830200801089042
0.9292850645887304
0.6229387399645935
0.8850057075070574
0.06110081697789615
-0.7938484136578139
-1.1744674883100708
0.021020878213617995
0.5512953693257721
0.39554198859984274
-0.37247726162439315
-0.48865516397026143
-0.030023877927161286
0.16952508099256966
0.555386764757509
0.1891315298038492
-0.19028733038765422
0.1444234480049593
0.36467455082532113
-0.16124671449337258
0.3305287840112134
-1.162316183860623
-0.524584402242431
0.24408116427723447
0.2512857350432668
0.29084678397516434
0.2821554746321465
-0.08510590411282341
-0.2598244963550705
-0.8224674964436954
0.2714775697009975
0.03536602708701334
-0.3591538298198882
0.4047467439398154
0.23409784822457305
-1.1303593465453041
-0.2325503920516585
-0.19195441401892785
0.30060871594272104
-1.1542807501990968
0.9433831713389248
-0.08240905785538467
0.03778883086402729
-0.22378476274681303
0.6097520425349257
-0.2512833921359691
-1.1151767826460517
-0.13093000720470377
-0.7163829868258124
-0.2688291183184021
-0.19951619774841725
-0.20375466108406384
0.1475391758180404
-0.4670282392113121
0.9905695773794555
0.10421457198461571
-0.05925758995047165
-0.350010692325839
-0.0020203162137182227
0.9766664934875889
0.3993068090837675
0.5260961336440606
0.07893939810059153
0.34273721774786675
0.28594387851099484
-0.8692321079131635
-0.6028509639087799
-0.29523340805614007
-0.2160722238925422
0.21252777745741191
0.40319061303846987
1.487541245061377
0.0672103587180697
0.3007069348386096
0.6574889715773254
0.07381667106030215
0.0067160233203481705
0.5081076438774459
0.14747352559680324
0.6484269139459148
-0.4916096009719153
-0.1251994572837414
0.2920591875210262
1.1172981446000831
0.2152252557333942
0.08476502026299175
0.45406025425628016
-0.5419986727374135
0.34062440357016116
0.7493950416336537
0.3609613285772797
0.5019109462868724
0.22016440098525034
0.12940826196146785
-0.2005604274277627
0.31159818375699394
0.8443868845575593
0.30927997065122614
-0.5651485035515135
-0.11703511966213244
-1.272381275070668
0.5110930085681538
0.4443287915183001
-0.3304944519821001
1.3486352762868394
-0.5520251351779119
-0.1721724225048208
0.3602495064249918
0.7733971968865574
0.0010490874264288592
0.45211229986185897
0.39817487928153755
0.15130369607546468
-0.26895729236091437
-0.9062906122775485
-0.573577173489073
-0.4971633867059872
0.8564175955815871
0.2681579727719414
0.8033346397987765
0.0006508895412407067
-0.09220790339332341
-0.5281520724754363
0.08589009554288614
0.36100376865129563
0.6178504434433094
0.11562113894568553
-0.5282560622601516
0.3379999857632819
-0.5760572753756609
-0.936064530849975
0.4784979895139898
-0.43962132253627123
0.4755112558739068
0.2674136849654572
0.35231292840817563
0.3347761840663091
0.5035962294092408
0.7046189800720991
-0.21962603930671795
0.18900035223275533
0.2036515128251842
0.7384877944750897
0.5229528244618366
0.16777685377630136
0.21232635989450624
-174.78951892782206
-0.2537276001615439
0.48439652017459106
-0.8183028923698648
-0.45715530600550536
0.6834708107837951
-0.08864851625238118
-0.7232171669880026
0.02256814409052721
0.012288030004388717
0.44256806177137964
-0.8019756508425232
0.6094309583635764
0.5665868891754845
0.5323209818202072
0.4190900590387389
-0.31864555813884754
-0.0069091613640106285
0.195088845000254
-0.24322375436878327
0.017830087225208846
0.10169073803624958
-0.3453412024063749
0.33672485479933917
-0.12496708529002126
0.2748717954702388
-0.26423332729305343
0.06370447608517775
-0.4182734174039168
0.5874414700631538
-1.5674706508924452
-0.8037780260896126
0.15667073763099806
