0.1079071677839591
0.4652507372885067
0.7823674521513334
0.3969709519023759
0.6222621348975699
1.0822372959418345
0.5679667318269592
0.6765988366752093
0.7382402041283324
0.5142628280866073
1.8574629193066219
0.46588241090849936
1.0648849780135408
-0.10679137464098426
0.7705156210209515
0.5729990381078962
0.12597161475628052
0.9313294426463351
0.3868520863614377
0.2983327254125558
1.0107346168977969
0.32382140561755063
0.43063629992518765
1.0118778075974308
0.803297140987426
0.7133599770113928
0.7295214884276375
0.40013731357436183
0.6747300346181916
1.030062383727653
0.7491669241167536
0.21558752778806337
1.1337619201883056
0.032584697831191556
0.629366424035769
1.4366228264004193
0.6094496314202578
0.9793174257185239
0.3372093827382485
1.6216107219640072
1.3981690769517725
0.3471261478297761
0.7819642846243294
0.9189236702907181
0.5090635990975148
0.7832742837597468
0.047517675713585526
0.9315723299492525
-0.03368422204716633
1.268322091633011
0.5807574207274949
1.3711569229063352
0.6875083556931357
0.773248621460254
0.25029134019098703
0.9916319946803286
0.5961872985919967
0.8264503191087217
0.6029338169351707
0.6748848140386882
1.008524329158319
0.40098835487462203
0.09969708776201393
0.5191682855622836
0.8706521271521871
0.04451276524607434
0.5768612031367034
0.7347028896441009
0.48586818760284434
-0.27070697646844105
1.079616761045523
0.3014630256667339
0.9589288712508265
-0.5939718552413059
0.2924968987819209
0.7906541685572916
0.3210306270681592
1.3474840791285765
0.06559212701244539
0.14740118902398217
1.3150001566621476
0.5200701541215574
0.6875219080935756
0.6232939986342511
0.9190734600860387
0.5124704724161396
1.0206973089799678
0.49580518392439377
0.37096120296419377
0.6071339215353294
0.46523201888518956
1.6773897504894588
0.654779575952012
0.3201516125169533
1.2315928332466168
0.5498748683136653
0.7011900738901105
0.6986030833212257
0.5547098483771057
0.219444031879664
1.037278722894875
0.7168466303180084
0.37031680652130206
0.8386075463185568
0.5105452611259493
0.8786500340682166
1.0671155554617915
0.22434952302933633
-0.22099766698029408
0.43378959972456815
0.24103342945635645
0.5368082706488951
0.10418866527058297
0.3335474023005061
0.7376147266533288
0.2883875787752719
0.3258876207344032
-0.23943245387868858
0.08737227220267078
0.9306433832668651
0.2633989249510871
0.4310981888138395
0.1018911982798118
0.43267705383149696
-0.28597691203274334
0.7503529848005153
0.3145722428107352
1.0770270701208222
1.0390865183080464
0.8004471143633843
0.6820857854360289
0.8532409163796437
0.5822216008048348
1.1490876315167153
0.4985265131966168
0.033792818798600556
0.6778120046918099
0.7159286269105897
1.2989676792476246
0.6570323596131534
-0.358358436362684
1.201312686549046
0.7762828221550336
0.7048019020546675
1.6395461626806842
-0.017647642950862925
0.10913372140639599
1.683004448989836
0.3332303536804169
0.011390791559877387
0.8032372318520021
0.30887327924846253
0.2418274375955424
0.5364888714108539
0.6556332814301479
0.5635701446440415
0.45609089485487453
0.9268654509585511
-0.1659731678841975
0.845356295410571
-0.2560567412393914
0.6965565970991511
0.9394832919227794
0.23852281721469068
0.4482535670525953
0.6345289200657415
0.009980920753643902
0.4628117367213554
0.1465978416582189
0.12213940753308333
0.5175833169408222
0.6138747438466846
0.9618579143467737
0.6947163252490521
1.1737085923661705
0.38982373733395687
0.2248157431467295
0.8966671205526353
0.3732711673814931
0.1405653767381594
1.23330736667602
1.2242581958716843
0.7901886055256894
0.47322916428249545
0.6516531647826195
0.47850480522638694
-0.16683858493423542
0.9306516632512135
0.003855156297660478
-0.37427876697579326
-0.34768860117967204
0.8247851738755528
0.0962420411312745
0.06833605387876475
-0.22038810602477907
1.1853576507680479
1.4178080303557146
-0.01489637066525056
0.41605933412489904
0.3736738556150976
0.6488489577317921
0.7661067347872667
0.20473175097324847
0.6306386048234943
0.20138768116861724
0.2817296371703885
0.4734497363998764
0.2792003552063966
0.27973613776699513
0.09000552275900386
0.12312293532532848
0.5667639208385565
0.20853104420074442
0.4234280762158049
0.17884851073199184
0.06693167322342634
-0.8320979797709183
0.5808756080293619
0.7067439014093826
0.8236162815248641
0.27936855381716424
0.37638286032674967
0.9674712137237225
0.14400389287500534
0.3878326008609169
1.0583688002834872
1.232160911740754
0.5875398745089296
-0.24069606674987606
0.5670544356318398
1.6611062933173397
1.2014343653579913
-0.2851815392941371
1.9140523054741714
0.6829170412318867
0.28798019493377375
0.6721623448849936
1.1777146002872
1.2769048680671877
0.5670211344189938
0.7002543355955207
0.3984685793006561
0.631082119557416
1.4781104535089085
0.21271974020944293
1.365315606609381
0.5015421179599707
0.19695744276765229
0.8711118151418361
0.7331306525026632
0.3983906414313247
0.6768058736528092
0.5056410192125499
-0.01195374836978233
0.9996768787002718
0.2254784425185351
0.5161750920872775
0.7814541365875024
0.8012374216644246
0.504133128001658
-0.004251566169359654
0.5089065115461068
0.3305434838330296
0.3037156990377425
0.27227584308951625
0.2385393771136101
0.7658489381178368
-0.13392109328314314
1.6402941992831803
0.7350570624897209
0.035299629532961625
0.27238784716269926
0.4022648388928481
1.0675406824793732
0.9146946894715068
0.33760258089790307
-0.14049894962995987
0.3525345259826997
0.6567166008425546
-0.02796227421205803
0.11002819029869489
1.102685662459341
0.13298091383087676
0.49095293377587873
0.7374244576754448
1.4283204513391095
0.6724558931035522
0.43892682861773175
1.456366743971256
0.8218730971856604
-0.04747240809294958
0.6893200570072834
0.9911201657817331
-0.12788757492339053
0.12618953520942952
0.4084657579833731
1.0823249877933814
0.6154744215970265
0.3030545609842392
-0.21441776993551367
0.5673170075385527
2.2282174050602936
0.6110486490009106
0.7796327072327413
1.1190764264706266
1.162398150689444
-0.12455935030588088
0.5421207856098335
0.5309219305723506
0.0962077240576264
-0.03631864593275561
0.34564161751661565
0.7540526407763388
0.30978067484287525
0.022716791855891896
0.6368869093524258
0.20707064389258792
0.23515678962354306
0.5238567025052293
0.8943748105742122
0.9652364784886552
0.5394911322825632
1.3295908600308286
1.3641631651355306
0.29609940410645835
-0.25821325765266084
0.5061360908512031
0.3998854847056538
1.345892218738321
1.452272127286598
0.6112164552044024
0.3076781876124471
1.086037710127555
0.6616718558955078
0.6141558783257582
0.343131504988132
1.236498901508402
0.5483738771283384
0.23838510466913018
0.6537948251725837
0.43568847228547797
0.9592171155610881
1.1847571357223747
0.3069278442463548
0.20083963449697295
0.4642141816017473
0.3900273135490808
0.7064430134400533
0.6901777234762241
0.8451995103439348
1.184853239215736
0.6490477131578162
0.7369707548381595
0.9799005810655603
0.7430833147179804
-0.009171739124292366
1.0629137773841915
0.6028627974834994
0.35989772601870545
1.0838636633920726
0.4969306094064661
-0.2094114268336783
0.26123585138085365
0.26655694919484024
0.5276387430547703
0.562219355547312
0.727266543467327
-0.23087033116678865
0.49839795891033584
0.728504242655942
0.16256677403266026
1.3262588492456047
-0.058557404869628016
1.201234759022488
0.8453084588589221
1.1781666874510601
0.3523203459448105
0.9344289486640435
0.6469125346385663
0.4823013385280583
0.2398810437968478
0.7574340187249556
-1.0672041824006302
0.13037655375403473
0.036493967402426865
0.32528290870066917
0.2103114992305576
0.9309691149527248
0.5694531912043744
0.44261840322970364
0.5916412989118242
0.6690640746911037
0.26282299579836593
0.5125803189624519
0.5488046098020666
0.5104165250513492
0.02036511350421698
0.3820358863187214
0.5246196298884096
0.23548447920192905
0.9305783654070097
0.8623959723433886
0.4644697756569524
0.43058471932170644
0.6848168805729494
0.760150095747815
1.520348912584078
0.5211394820651325
0.47083722210348955
0.5114750175295191
0.22356176943243622
0.09486395750862557
0.3754978804638284
0.929734728646186
0.593888949703338
0.11597933431152184
0.3152443365807243
0.28758785273322324
0.7994886440235106
0.6749640722551339
0.6952373326109739
0.5706423402969296
0.49705937110866544
1.0269101929749618
0.4152058802009119
0.4086862801903073
0.2369551905232825
0.08024516404163269
0.9272125828544576
0.5933195750691086
0.5188656666618987
0.13126426922617232
0.9603090626876751
0.9842482093023482
0.6378167657942743
0.8354674575114182
0.5728509130635273
1.0534718948703055
0.689233873336523
1.577593517061584
0.6203669504935632
0.48424276007878314
1.1521315585061649
1.019080968414835
0.44034023677340156
0.24759658840169374
0.5113890429285523
0.6369925380833836
0.367984108075665
1.1112916231368792
0.7612782048076782
0.27242295420146806
-0.260746261205197
1.448474063876895
0.8103120225664894
0.8821139169970763
1.2295916936298106
0.23068909523310174
0.8218061730304423
1.1321651817461322
0.6805513020714363
0.053565844168863945
0.3761911626098922
0.8774079537086065
0.1447624087064717
0.13935361969559892
0.12459407923477822
0.2679897059239264
1.0657334293887322
0.31716563270572246
0.7093995390575135
1.0660891430409853
0.6949292792180226
-0.2839191797649901
0.9145439134818307
0.6144217832394469
1.447460608836128
0.9362892784003508
0.3540573509052063
0.6381565118920164
0.8247747528736866
-0.1863044915690146
0.33606803750140507
0.9359249471588281
0.8002112149125163
1.0270043167091776
1.1678659558484985
0.5428484828904536
-0.05821284989436959
0.7666002776282532
0.25397497354363546
0.1617186865543906
0.7049026109292464
0.7568189390047718
0.9779143694208073
1.469178717763129
0.5595062984961328
0.7314473919029764
0.46433754587935644
0.3765899692726298
0.43238113344399537
0.9547443242935416
0.7429252447626542
-0.016577583332518426
0.22898476970451384
0.3645760679428911
0.27799512565401396
0.466178153997919
0.4941764539542394
0.78024664017779
0.48895965955085896
0.8648651678950726
