0.3871199661680021
-0.015901859169938925
-0.07138096730862924
-0.1545437222258763
0.36273637210634185
0.20402572924421136
0.5401563392143235
-0.6908844221773629
-0.12020479150081616
0.1760601706923809
0.8262334316928097
0.09609288725445729
0.5327152459665286
0.16998664077974432
-0.10706192707355326
0.2665981081991735
0.6341742550859352
0.07922318644766928
0.4378443955033983
0.057223760655265264
0.5493267669605194
0.49484884711697347
0.11076546226051918
-0.13213620105771007
0.37260730972892664
-0.0011299947713908631
0.3096181717686115
0.15055189815656986
0.29690727999984917
0.5004530099764268
1.3534091671251873
0.624110624543854
-0.5834276713604344
0.45716208230279526
0.19677547707707763
-0.3574245247583047
0.5917959680455268
-0.0700814248481501
0.22267808660890212
-2.5609984312485548
0.0814967244198312
0.3273990610221916
0.6843660361276802
0.4786970676938664
0.39929318681410103
0.6105288702192805
0.31945103528614155
-14.821491598646501
0.21008493575785026
-3.814045770859249
0.3042175811211438
0.23075558358701875
0.6237245393465097
0.009331797798935873
0.003664153067917212
-0.05740398756058648
-0.18991317700055907
0.2734457087090771
-0.8184852510510899
0.08992164079248327
-0.13382151788707952
0.043044688220480444
0.34708918419691503
0.5071966778075353
0.365465196057986
0.5210807573993278
0.28303475754878327
1.0302085644848866
0.10289028777188049
0.11409450877374135
0.025683233594743022
0.19625265265884204
0.4446267682412925
0.6178029205638954
0.05880710712961514
-0.5692319883051757
0.1322739659773066
-0.06542049663439466
0.0183136897357712
0.44461629534285235
-0.09235591628014565
0.5147153589857871
0.46959757154964094
0.2682701799533578
0.17615693518009268
-0.9763983175345996
0.19077645734521778
-0.3738027684558525
0.45512790385121443
0.48329663280269775
0.8454963086750061
0.3692467098893819
0.032273701046196195
0.22696406829581192
0.37384438146972654
0.3077549022689401
0.01903438716576532
0.3310574212086717
-1.1641798757471304
-0.12325098458030381
0.36674999329517366
0.4231666973728229
-0.29150544768684356
0.5822418030650008
0.22904790161118102
0.2914241248312132
0.043305891520348826
0.42460246362775694
0.22751510324318722
-2.2067601908922123
-136.53471709837467
0.451320787637057
0.1505720296512203
0.4744630749857149
0.5463282227479952
0.15149592984892488
0.3345877640312858
-0.9958050975373737
-0.4502727993144462
-0.01697477080818814
0.11264559927543728
0.10011969678551812
0.584422438880572
0.3240161873706491
0.3880394952424248
0.16069648436098763
0.1261603716932123
0.5200822510688883
0.7449326631563675
0.17306696827478962
0.19981585995223952
0.4643860218712041
-2.6589874880621736
0.4560698726245094
0.42528006642791466
-0.018815392622851545
0.3785393072875263
0.6043299811557272
-0.2303829694855136
0.09912177166210755
0.2620569577470064
-0.1039805653493952
0.9132282094215598
0.43173916881597885
0.6794638815763804
-12.459081656342724
-0.06657705262233116
0.12756077807907307
0.3817137235093155
-0.19835982707700958
0.11135745671436514
-0.7310187509231706
0.0854770461094519
0.9367291825108669
0.47000240538538324
0.18025668973071454
0.07208946016361882
0.19722760206928414
0.0993645580967099
-0.3985194674032677
-11.473610080006821
0.14840918341395062
0.21743836866866903
0.25118461030665684
0.32853865963146434
0.35010136771829475
-0.2501672952726242
0.24162488525009854
0.5634935124639238
0.3161787163200928
1.008286228909871
0.07802225347020882
0.12524276515959082
0.5661849560093949
0.45793731714883884
0.12209713563441099
-0.3075118796588702
1.0664939498497754
-0.10789811737943972
0.22487883895865676
-0.40773072330036797
0.5750804823028715
0.10290614451081614
0.3896405177801339
0.453732952193109
0.2795395205820518
0.39585014139270575
0.3071907100841808
0.525891877273822
0.5165492233842316
0.373027037567263
-0.31539913618499343
0.4517527537082166
0.14884956443774336
-0.5567297240253756
0.6518627928928087
0.41246989707031173
-0.008866355648160613
-0.09843438139320378
0.8684414454819537
0.686234439636401
0.7331993511519164
0.40262918683735904
0.26410611928215333
0.2126452995261623
-0.49850941924887177
0.3283212137338099
0.26226668675543213
-0.16833652547589048
-0.17744917415825393
0.33248659873185055
0.7118884856372484
0.5459543815411577
-0.5524258274196253
0.17833330675074435
0.701500355412628
0.9745445167222897
0.505583918168822
0.5744990605163743
0.377432389170885
0.358981573906539
-0.09741993634632688
0.07168570195608326
0.28271009772175454
0.6164824796240945
0.004009711606081832
0.482989404983814
0.2146860824822836
-0.11189342709970033
0.08444198782523793
0.43669444189161855
0.31661291500878896
0.27797203350764
-0.03987282837083641
0.16383042211787946
0.06221010038850753
0.9597388075038445
0.2412204928626848
0.7306828962690823
-0.3129640159106365
0.5493570120201494
0.20277129869118551
0.5175115980853838
0.4028793628915977
0.1773723315683263
0.20285310574120327
0.23889153207330707
-0.07696839824727564
0.2557883298042869
0.23487763479127033
0.34269618175764505
-0.15164035169547818
-0.11620650712680929
0.201113279927815
0.3205341219974203
-0.06831654337203544
0.3070043883139406
0.1416413013392014
-0.3892030088865779
0.06786803722536526
-0.22981700655739948
0.4454479564630934
-0.33507314800117743
0.35350577121746535
0.3135180504788851
0.1937914657349428
0.21640882345357318
-0.031076996354120784
0.16833398363548016
0.3284850855327706
0.31697342695942493
-0.6028272935377821
-0.04337121575834511
0.4484214728999092
-0.10733209428696268
0.2549549704027731
-0.37241134260696657
-0.40781209133348734
-3.826649836088576
0.5289317244731176
0.8494163431053195
0.9362860381849901
0.5212662865611225
0.1600515985745948
-0.8846943832543008
-0.08069750270217112
-2.361993616258566
0.15070652432693973
0.3798569648562289
0.2668272753501999
-0.4964162447990033
0.10478497894022865
0.38346793999588374
0.209384488177926
0.13802760795874439
0.37076183170979166
0.4003488840009884
0.865402716668573
0.945997479799655
0.8235491394803637
0.5256540252082961
nan
-0.04417207093807207
0.26677637641004137
0.466071560523005
-0.05151380879333544
-0.5572256524408797
0.5240050418175044
-0.1634322602608493
0.26912769227664096
0.2693505772040044
0.3671805807622092
0.1427772972005802
0.06928272122489254
0.5432447765592264
0.7293902921924444
0.16466740484263098
-0.040910657937962995
0.5123855513116351
0.23165951528355214
0.3280699729240236
0.04156321880503936
0.5813947313012489
0.27953777944521563
0.44706866747690804
-0.010034944725708187
0.0986422983336328
0.39214393367641565
0.18735893154026226
0.49960527108054836
0.3751065035440851
0.6006455110138188
-1.0746415865310723
0.3235036719971062
0.07448693897808134
-0.02768530243214336
0.3448071546923927
-0.2608328020334689
0.47597430227361315
0.07399325185980032
0.2415165917377706
0.38034832909882343
0.43216040999023325
-0.02850560380761408
0.3816605332026986
0.17429910580674046
0.36587158786664303
0.264107790659892
0.7053452008531872
-0.06263682545820885
0.801301054580505
-194.82058988199276
0.3654922486771974
0.37614580763400185
0.3840731494065095
-0.18039019243121365
0.4714054597600346
0.6304592987758803
-0.4026339668661311
0.870205656664782
-88.04106377184492
0.5613392406095742
-0.22148238471841641
0.007280645592530073
0.3556707262309822
-2.2851177448486353
0.36450639607629104
0.09885179600305442
-0.10315919166631234
-0.14481810662518388
-0.1544117308233282
0.32913259901973185
0.17739127088712212
-0.4162738241650131
nan
0.3088635132339969
0.4463435672861115
0.357067300967866
0.6067448978150093
-0.2342705402011734
0.33464267580077434
-0.02179214341332605
0.07945139433375854
0.19056600746808675
0.29396534421519505
0.11731243934725803
0.12489108566695138
0.16893923652395063
-0.15607745232084555
0.8830176565196908
0.2927195583358678
0.6321670557525937
-0.28247555572740873
0.1195092715088702
0.07332921603349957
0.19602608010814407
0.5179204425512106
0.23161031059419926
0.31505570478165984
0.586111421326525
-0.09286689325079155
0.3579097654657142
0.28981561445125587
-0.27958666300923607
-0.05132816472490495
0.37459735338246886
-0.15353736550941396
-0.08872789003726482
0.2763878982993719
0.3972301497210578
0.09439310709064468
0.07542405219782679
-1.794027381373079
0.05680956779754523
0.537378575864193
0.1986244771354422
0.5541314827051015
-0.22654884101403874
-0.2642108022223614
0.31424283375807815
0.07405534350897423
0.3142803096265978
0.264506068756133
0.4154979721292744
0.4453024970300586
0.20991102125845193
-0.36709966318247494
0.3271525581779527
0.29614470441392177
0.4088912992399791
0.5530718235775554
0.023657557552081886
-0.395057658061764
0.3391121636769372
0.3923056416704311
0.3878676012053291
0.0607269309024597
0.2115812945816277
0.3617626654609682
0.2009005395409571
-0.10930242235952832
0.5924156937580671
0.43966168745946127
0.10231834709239174
0.4700946401858345
0.7118571917278116
0.5280472497566183
0.17113684214229882
0.6785954019216854
-0.2908385480490937
0.10028502112899018
0.3465543303820948
0.5904897207568057
0.6644469433686239
0.5464805917779596
0.1280347720242064
0.31992920243632456
0.6775956329205367
0.1996238961551509
0.2296980893356743
0.058466561302397975
0.6173012027180405
0.4519809488519961
0.09854152835278888
0.5292340046156773
0.5754207097393186
-0.06780777109194991
0.14602493827435611
0.36398492087018974
0.4971318815928925
0.14339096223409034
0.6030756565894969
0.08221144169096713
0.38927786040110063
-0.11592636419480408
-0.05042358223022686
0.012418331581542125
-0.084760798339836
0.5017594300408529
0.2215935306036104
0.416575253564378
-0.32944676925094346
0.48532166158160267
-0.03477864920544608
0.6218277695355866
0.6977662247183529
-0.2179020594048767
0.3915806636192323
0.09183437758912712
0.333282299327806
0.5575144168387938
-0.025881158848049684
0.1030314568937614
-0.1519837724477424
0.30531647469028916
-0.18629727190466516
0.1345945473561341
-0.21978229002443936
0.9332414835677767
0.26170157935333177
0.03465415161399996
0.6187610804674454
-0.26531951651741653
-0.6356373121747279
0.5396292293953768
0.13459957430013272
-0.0008624910822995305
0.1853363443538528
0.2730908295150238
0.40537983159047
0.4565544725263078
0.2401912231156399
