0.2274040236766047
0.712914333209809
0.7305151963272202
0.28199801423967946
0.6261806475768547
0.8356006434380209
0.4871549607235753
1.2487026720647103
0.5483798366331142
0.3961095118305804
0.4667511939953594
0.7986299336271
1.0435401025782396
-0.3440799462981145
0.3305395285117167
0.08410403848970625
1.506122812270301
0.5847546641442666
0.4831508265267757
0.5206543974450014
-0.06180481195625192
0.8023872865025501
0.6083756233149541
0.48630404823890916
0.8078326561721513
0.911075487664693
1.237034203159005
-0.06535839276978446
0.47360416910338593
0.17842314705834061
0.38175771557547006
1.1576412895651724
0.6139975168658897
0.1000908795204002
0.5115157382450496
0.6593157049377942
0.37729794984702264
0.6395764285139133
0.22852098747622543
0.20911378115437326
1.5103511254547317
0.9254420005977044
1.0863229842751687
0.4796539033461655
0.9172376318543655
0.6474595476127359
0.08955206896787254
0.10004973715868903
-0.26682387732051066
0.371943387506318
0.21121139481352302
0.645535279750692
-0.18328068690242705
0.9565311240851141
1.3374767055021826
0.7090933148832922
0.26448806499789046
0.6700352019672832
1.7778183452158902
0.5312210383433923
0.39828884331669895
1.0602816019588326
0.2843564000258535
0.179128682538372
0.6429238468665556
0.3945026062700799
0.5962484215295065
0.39638710377837455
1.050930904467872
0.831821471120269
0.5099647884738722
0.968137236634302
0.7945011513880335
0.6538358020762828
0.6202097572081647
0.4763930715431359
0.5794840046379264
0.4288878938987821
0.8400606211898506
-0.07427380654337219
0.10678715958696339
-0.11051373434482166
-0.177149030698488
0.8092480385604562
-0.25504720916007506
0.3677618069709722
0.4976281520548855
0.9941361750125423
0.3721985863633616
0.42698141793247096
0.3058048301520122
0.5722995913185791
0.2519800418627367
0.14241377998856714
0.7787053176768398
1.2679038426330516
0.2985839814376945
0.47622228630309316
0.5972305349547731
1.2130291378911953
0.5254148124249295
0.29378472259287697
0.8543998193442373
0.6571358770439937
0.44015233164288
1.8816602873859247
0.7261717444948479
0.6386793494456112
0.7936046020746437
0.2607669137529205
-0.6026039274609247
0.6090449796290586
0.534061284143816
0.8940665761976462
0.5775227566272148
0.3893841916992708
1.1851658694688074
0.3465753185636586
0.05045145134022769
0.7990061732071614
0.7467986887128427
0.0019320524956564801
0.42733868390845425
0.4212771871609536
0.5448721835554391
0.3388533587324658
-0.10996384819516443
0.35473570504968116
0.5578850342782896
0.5089252060108901
-0.1311082991983611
1.091448035369386
0.7595059536279957
-0.1022391674859977
1.3525859056079037
0.7803796510839831
0.7291277920536142
0.30686882789847
0.36585646516311493
1.2675911843034366
0.35327600499375994
0.44314518576242873
1.1051512192325845
0.55556871320183
0.6109390869728372
-0.011032182668140164
0.6655446443393127
0.832139723212018
0.39121571850189363
0.12502041540164818
0.8364788691186374
0.3006234941358523
0.34253337006854156
0.8317539538625649
0.8934204659846049
0.061125939247255755
1.5497552109834931
0.25649794381238605
1.1302524759329375
0.5360250627931105
1.125069393616843
0.21598870446111654
0.9539669826400906
0.3933700272996148
0.17091039055931448
0.7744635526259614
0.6358790586727845
0.5081699982469485
0.6527239586475511
1.0232766049639044
1.184833234179907
0.5258610505672954
0.2762398680485868
0.49783081852095873
0.47519247886151256
0.9101212477172863
-0.3550790582094665
-0.06195979676764366
0.4534857440812475
0.4749498148510103
0.6284270251046519
0.8822030662322297
0.6669132507687171
0.3076175302661464
0.4133045437080331
0.44131442269062626
0.13873845267585258
0.3203827768870782
0.44580832391342357
0.619307965562878
0.6070465517591088
0.7288945127548141
1.0286546247649515
1.2410585297314731
-0.20477530018345938
0.6576398493745857
0.32577257050907854
1.0073140379662415
0.6197618153216427
0.785294413162516
0.6725403577014396
0.7069228580581163
0.2610141852809678
0.13863404357752648
0.8704959902775081
-0.21599307832674972
1.309216944425477
1.3362081484467196
0.12603644332198186
1.0911835363066664
0.8098760792576328
0.7881309958073683
1.2638606848596854
0.2994412198740271
-0.1286984832855746
0.6816719911601261
1.431643712729348
0.6932656780487236
0.9293459281369221
0.31208312111411857
1.0649135855176057
0.39356944489543055
0.20270519518820276
0.906764951633174
1.566227217385628
0.3913976627892777
0.6057190274473615
0.8529624634041902
0.9551097023035658
0.8826713867326411
0.7557247076358161
0.5147038016949478
0.22906821205720673
0.7352221419022529
0.29566732063851675
0.4482169603907451
1.346638220014394
0.5806045042882643
-0.22455170891437734
0.9248821152484719
0.3882922637584307
0.335859883816999
0.7407890167336891
-0.15303641265770532
0.29013169916575315
0.5949067988846458
0.010256815207580266
0.6015017568310635
0.7142366540093477
0.9594247574936962
0.24879708229866035
-0.11903973080309398
-0.3248160287491401
0.5828839081591828
0.42061056516125306
0.7895018280172831
0.4948289868641534
0.6099252851375956
0.2424872096096231
0.45348989935584405
0.39074574300029924
0.44049321610785896
1.3533296516146052
0.8847785696992231
0.4100084483633892
0.4840657529762817
0.7362028059802328
0.3043665999065111
1.1535265058857873
0.5463837165233844
0.4844109833225642
0.41425208221571014
0.5827444751812444
0.24800092265262375
0.6657468840976963
0.24913592679588029
0.7127892679144479
0.6930532830925431
0.5987373772852576
0.2993433153391476
0.32969067215526565
0.512124586518718
0.4792041756007545
0.0841323232453846
0.7044724733429298
0.8719091764258252
0.674407935427789
0.4954898120406148
0.1857644148002425
0.7557892464375136
-0.11579683734513375
0.42375193733763433
0.42793795527172707
0.8339926652052583
0.7794655396113979
-0.13634613376851212
-0.04098949382814724
1.0933233654112162
0.6198426847134397
0.47670478465600546
1.3587168909462324
0.20745498666236384
0.5512584310538599
0.690322302367047
1.115394599323808
0.24974664105607727
0.5071421790810063
0.46123248546390877
0.2362657826132928
0.8444629379667979
1.0799633674873121
0.5654146480933498
0.6267587360073709
1.0173226268464024
0.9667860146417978
0.6407919498227947
-0.1282539879749464
0.4868955846170519
0.050323195080230386
0.9347322893048449
0.48134222706448715
0.7331233069148122
0.05199742940912285
0.38598733927348633
0.5799745012805569
0.33773512016878254
0.9343073863903184
1.518404957621171
0.7929948776298555
0.36076697427139987
0.6536395422113642
0.3362546586375326
1.9442381016784758
0.433970511666913
0.575609005057342
0.6391021482529968
0.12563531157147081
0.3852489943382928
0.3818109686528249
-0.3264712488160572
0.7444490912887568
0.5162216625510697
0.22423593818257
0.4531229968459039
-0.08779449127102217
0.26191899633761867
0.8703367097512741
0.28006913938956357
1.5392401756516236
0.9064278216232985
1.0663570379071357
0.5185551549095787
0.7497874674010644
1.2252728623998124
1.0771399475072465
1.985583449273545
0.3587268398819466
0.4899503767163152
0.15609057120325334
0.02944323157360397
0.5711425589161064
0.7668096031401594
0.1959394909581166
0.8318504564145387
0.4655331810126128
0.7888739497340403
-0.07455447169883088
0.6515156071596412
0.12289427444263155
-0.24732123369706227
0.9332002350691665
0.3975964331649477
-0.09323152958393477
0.4981970615314051
0.8288042959791242
0.29224970140397366
1.2242666496304688
0.3134614762926698
0.5599612547224116
0.7821635302314681
0.7331133709222177
0.22028591072494633
0.6831973299331348
0.14555244924224112
1.1186934313371377
0.7521060944055306
1.130790621216703
1.3785852605995785
-0.9005773504326661
0.7323750056772305
0.7223545477347156
0.8442233887983218
0.22619455196596883
0.6500256358865905
0.6168045842637025
0.5737683104234459
0.8050346246368556
0.6043869175655424
0.4765874711247422
0.6440837458461727
0.9309894478856983
0.5181918853350945
0.24430503239381815
0.3438936584054812
0.5640367867193389
1.142236816692017
0.7025788698390193
-0.0544199876803487
0.6836696299866843
0.7640484502833537
0.9749492572820192
0.7654529762111979
0.5856723260737388
0.233084019851045
0.5101717045941305
0.35798089119669657
1.0642130941579977
0.6090139265247002
0.3378583812288481
0.7005691274395964
0.06254764252599009
0.45246417904513603
0.7852693875670473
0.8279142788908346
1.3496812490677523
0.4363594345103213
-0.5385991759300657
0.9584695202542061
0.6146254804544785
0.48438502729779453
0.4689524319160314
0.41837688596056927
0.5995347093680564
1.3823930140474632
0.2583565786930611
0.27500380786764195
0.22112825293789465
0.5275334291092066
0.7427228785516026
0.22542033789481344
0.6891797059102723
0.3912727037039497
0.3312926803906593
0.28250129156497267
0.0602170131232199
0.25705792666273714
0.776197580787056
0.9965198285359222
0.06081093543659477
0.5547333808721563
0.36442515451323443
0.7515513689378778
0.16044837968670667
0.8820737899646302
0.3922845498203358
0.43488171457843466
-0.4235424557293657
0.7134082901377132
0.4527705143837187
0.41675712990470676
0.3336458161365887
1.0973023331989453
1.108014299003542
0.458560237511084
0.5992296777945062
0.47014769145735263
0.8004398320211283
-0.08969902528222502
0.934905592312497
0.03770498458563176
0.4878223899184971
0.5948729596905388
0.8964055809002988
0.46380818157734643
0.25951666857886907
0.5159874504548122
0.09682603634637553
0.4933876294995621
0.5844674977760754
0.31381167438925156
0.5863066578109781
0.5607001500651624
0.5326225206087821
0.40164151109658436
0.8422995748143149
0.4457027041234139
0.13982106271319297
0.5966400329218785
0.9042225408007437
0.4460988452742661
1.1188169538036337
0.5399077395444812
0.4021755331106949
0.4209904631116734
0.6279417896541641
0.57164381630195
0.6942217859098426
0.9952680766067833
1.0173434386142637
0.8253301605523339
0.2870156939498953
0.580172155857141
0.47964023796239147
0.5659915123007199
0.325821818939443
0.182630840228559
0.7782466291648992
-0.057787560110578895
0.058423011154464244
0.6059290339885643
