0.4659901817137682
1.0814932003458197
0.5626785762931533
0.11213116249875978
1.5132586539496289
0.31331371164289745
0.5208449376361245
0.6016766963294254
0.38209762812003273
0.31717029635107563
0.4565105645108077
0.6406607198482449
0.3633829622141606
0.623588219776314
0.3116932982304232
0.7396461825300001
0.47575734117774476
0.7957714444939873
1.1303028564215885
0.7399184776910687
0.6188829451300545
0.5875348699835922
0.30467172939921044
0.10030623159249279
0.10979282353237811
-0.10449066396529338
0.5587015105091273
0.3487619726830289
0.24599770219098685
0.8371968811367227
0.8916657229333822
0.07011509375089514
0.4531991980452524
1.404105982196984
0.3744424132385749
0.9760701810798693
0.673166032379798
0.6294568048903989
0.8196651491880406
0.7514885760764923
1.0585524443230898
-0.06113341599329136
0.367372339333169
0.3797731570489953
0.42719460757969285
0.026913127820276512
0.34499727961054977
1.0861361229853082
0.484441899488487
0.15402104773798417
0.5924400405042302
0.8085390242217964
0.3264451230850005
0.5086461563498889
0.6863336406251648
0.6843248993167986
0.17361095613671365
0.6641693424624106
0.5711441512098725
0.3686268100286519
0.03953034427391074
-0.07446956387909286
0.4776455498028116
0.8537772119579768
0.5356133982960454
0.6248506803915134
0.8649828445025757
0.4346487739267897
0.5673798282017405
-0.025353700836501864
1.2066265235316056
0.6315236049239655
0.6618880057585307
0.46374484239876784
1.2863899462628892
0.4946092591197384
0.5066037888161592
0.6668298949066513
0.5266989396076397
1.0451217571582576
0.013683827192370915
0.698068339424803
0.4332343957469111
0.7129646407573018
0.6728644542889639
0.8428879852131802
0.23865810137847276
1.1297301410014107
0.42469323987811075
0.5411654009235248
-0.0461230086942557
0.6422372036243469
-0.30325308107888155
0.6796951939909338
0.7554767651001035
0.6669697318722685
0.5277886311013105
0.8311208036164467
0.3666036993065365
1.10664689104812
0.5529948564333947
1.4410580986375736
1.3243416418501168
1.1776172706002617
0.4500469524919956
0.5384494416051034
0.6407941389817565
0.5333808509863364
0.973945235006313
0.7648702848691925
0.45324259285687735
0.40995240422207485
0.9324378349424295
0.2691548074642786
0.8653534964575368
1.3278181320024247
0.591460809062558
0.3309994992084367
0.9858516917370737
0.4420753664985835
0.7590336457423724
0.5535379004517155
0.5448518523793046
0.7415317838663276
0.23532996551681395
0.48330389883730973
0.6983199391759841
0.593993318262597
0.694313522126357
0.4086281561122643
0.662120109217388
0.5877540680653425
0.021194869868620392
1.2187867872473435
1.0319269220491707
0.6162453085778661
0.03726811775562155
-0.08327039580870894
0.7291021781172123
0.4037747449090889
1.121845887139763
0.866035419054383
0.7881983938065803
0.8836170106218223
0.5454005430145386
0.7665229719019021
1.0493889030993169
0.1874876466478316
0.36655497208287874
0.8368271029513776
0.6316061192983238
-0.018246855929442824
0.7535406574998579
0.6986366033450829
-0.36838602322355934
0.8372869921686034
0.12008768969956407
0.41842104921532997
0.9461363080005922
0.10570939534403141
0.49465991718974833
0.635490223741258
0.3768235243742617
0.7906577488418259
0.2656198205314025
-0.06848802511099976
1.218220442012694
0.21136700875768522
0.3431289783209934
-0.007444633208607378
0.48707982021197593
0.5715303681599854
1.1855925391696802
0.18727480864203824
0.12489385998109176
0.7017403901283092
0.48815596364235603
0.4763305866631597
0.1047295316162663
-0.35166014176488697
-0.11083943649222727
0.33631223140212296
0.2690282588789278
0.2700700432341726
0.45359825075983035
0.17473375074277073
0.07579188396137447
0.06425969907033044
0.9293199485554271
0.9154375840070225
0.5852321544852496
0.38980308349061393
0.10995716248592464
0.39350794136262196
0.4011122990217535
0.7979642214100983
0.49621192955509913
0.5447375620504188
0.20837300619276086
0.6431036989392055
0.9044932975233267
0.5055382959916087
0.25679589272385933
0.026225549666226238
1.1630399345539018
0.3681069127852609
0.4991953053811146
0.4688864241104103
0.7118258872864738
0.8842564601682366
0.7356834778836925
0.2513584928765984
0.7903844051544947
1.2942852299011511
0.30587780185943425
0.30972422342738026
0.9198990655080642
0.027198028857939205
0.8398587102167278
0.06852072185563139
0.28835011112695025
0.5996220356005604
0.7188165285292119
0.46107167185295733
0.9267200299357891
0.06944017453425051
0.4071007197913063
0.8692586749485053
-0.26692643170072383
0.8034953486910673
0.9491564553199744
0.3604121641762869
0.9356892054652604
1.1552643693528353
0.7123730651871157
0.5857378788567162
1.1114800316307252
0.6970870380678514
0.6492720465775963
0.5720119900691478
0.8808807434689356
0.810250534848406
0.20900801178274475
0.23861273451558415
0.3429629620366261
0.5063590012107285
0.3211898127526065
0.46585897641186486
0.31336042967106753
0.3310211286365939
0.4673412167652375
0.3184402805125452
0.3398538832736138
-0.407193723681123
0.32554428339212355
0.6371990673565197
1.0679090464240073
0.26322950386097194
0.4629089744558403
0.20791237600474702
0.6800799869625083
0.4242991135022898
0.6819942025341953
1.0105600410777658
0.5184654552232107
0.811659214874989
0.13653667786302293
0.736626474558304
0.6676027748082584
0.53503576702728
0.593082155784975
-0.1473411689937417
1.1434609400391067
0.35240416464198954
0.3900179890647552
0.44658961493092697
1.2194083831629199
0.3821374112372588
0.6830716301901032
0.7241238018599844
0.5320508404345162
0.8058999792121743
0.3994756393181654
0.5342847411286481
1.0056475286828372
0.6213314289975945
1.4461626705321118
0.3519225012358888
0.6318293184200919
0.22213891240267922
0.7805739438348577
0.669206315801695
0.4473753775236751
0.5818062914901122
0.677185985462521
0.6341557727700233
0.17631155167110024
0.4975034325958392
1.2804245277724526
0.26123671703477824
0.3971872520443875
0.2620635358036591
-0.27747516311628007
0.6519566234616258
0.4843781490827348
0.6272271312511128
0.7049727949811057
0.861335056324687
0.2901056816048075
0.7200113978913162
0.5620290083684402
0.8308954325949779
0.10516822769919289
0.415048850768904
0.5298346823235572
1.392256598363657
0.115780647704876
0.5233733946647384
0.45562908873786107
0.2554383897992924
1.1049524007587772
0.6004639896042387
0.7464767384382466
0.7430551250736972
1.37506483859683
0.7454512041602586
1.0302710670670994
0.5309741206455149
0.2628963727641704
1.0767425589920048
0.7711800585943459
0.94225661221104
0.7379948051000893
0.025358531015916407
1.52190251080182
0.2498923715948287
0.8211615419925833
-0.3457920691446918
0.17539644884272954
0.8180704863892833
0.7152058629733221
0.20200966631188208
1.1174634308330562
0.8070355475471711
0.1930333073805114
0.4816044685699196
0.6649943932321577
0.8271046667238037
0.5569526956329205
0.57867768222281
0.3886082526707931
0.5289785000305037
0.9304273889704117
1.1032847541973723
0.3271923126118745
-0.041236701033272344
0.8965294838624569
1.4521937543779322
-0.22378612649524668
0.2804031427882781
0.3289822657162598
-0.4638569675675901
0.4205533899341525
0.08592547471495382
0.5589445122097578
0.6939936544426737
0.5343148860016494
0.5639660592121724
1.0348331807135949
1.0409266222226539
0.9092265635384257
0.41182092377307344
1.024800313226934
0.6355979851921338
0.5723506629573618
0.9712237140330338
0.6342131994139394
0.6120860860781338
0.6906253156856302
0.26275828787250516
0.9239032809090993
0.34363459939482693
0.7267295814034447
-0.1218844356455626
0.8751755422950449
0.12778055235480043
0.33343981610125334
0.561257711525581
0.6321475487009495
0.3949321652865181
0.8204940387818911
0.596133700220515
0.40227902246491243
0.4441312005473643
0.8090125507516186
-0.22836475385573288
0.19216936130761306
0.6872194520094053
-0.4592295859632054
0.9285938696037713
0.568271268084825
0.6757379924921252
0.12417707286884051
0.6387403334279458
0.9362951213185053
0.32836969519022674
0.19376695362108162
1.6276798671561865
0.6388841824129958
0.12411971492937128
0.21188680712338107
0.23583636589346102
1.1522433378182633
0.7553776938686979
-0.15441435287027847
0.8253385906689547
0.34104799345498843
0.29413870807214687
0.29476642580743123
0.657057188471602
0.3384310884617629
0.11431727980854944
1.1266527525954984
1.3025074839393191
0.5802763981143987
0.8001384299075314
1.360227593694454
0.031158269847019582
0.5593645946451417
0.13079682567504733
0.6657028005246431
0.4496251090289163
0.358519696614133
0.66223600555353
0.8215490084193556
0.8083378810180178
1.2200419801560218
0.13345220222865073
0.5472560772393281
0.05529995512776392
0.23351673340754156
0.23308588633723762
0.06944109482707116
1.4986735731608045
0.28676122678531796
0.6725536369802935
0.3029863986310809
0.21715022050283864
0.5350477938217529
0.7917949939363175
0.4578704847553592
0.5482968412900074
0.37887221325141374
0.689725212364482
-0.09045871906570281
0.6148082078690493
0.7052603355518793
0.24975690561215394
1.153024025980639
0.22405778011136748
0.7635097483011463
0.6684718592862954
0.14941313459567548
1.2429025991872538
0.4748433008763007
0.623791119139168
0.7513096161580076
0.5145043965813578
0.49310811747498745
0.10083742140542999
0.697017349249038
1.4135288931799102
1.006031919442214
1.0002990000748
0.3018743328624381
1.0890326557526364
1.1135844996200301
0.9573264388716266
0.6023647259002503
0.9268242405700889
0.9578445245870585
0.26303525153444546
1.292076328694547
0.614229305487349
0.7568575330504396
0.2022439103135489
0.4189174961278134
1.268672670491371
-0.08399177361189847
0.4804535745079266
1.1900990516031091
0.8296183133755486
1.0151056159990786
0.5327800075070371
0.4326291074506768
0.8236197347607762
0.8550504213753803
0.6107812923385573
-0.21380591528697143
0.33969140462034475
0.7853551496778048
0.30644328131875814
1.1680000220924411
0.8100697382416341
1.1875539597491447
1.0364701047755716
0.7729474861826094
0.7337717194506087
0.6930282617325911
1.0670338326946511
0.9648795443070357
