0.4827950091038942
0.6215764088527459
0.6408877785613193
0.5042192606175132
0.40587501619110106
-0.05170098448780964
0.5458246113732195
0.40128637198100026
0.05506450336537384
0.8620382693299558
0.3162733165457543
0.1224240169392535
0.4687326878520402
0.23707412993519897
0.16333014666881038
0.19720234512238527
0.8248577099427333
0.3071381554514791
0.2922515412780316
0.4734146266682631
0.4588143463081001
0.549360338300978
0.7555827999150668
0.37091328448169475
0.5312184790080868
0.607625659865809
0.4123967783701291
0.38133137989532895
0.375022750258748
-38.517075427483036
1.0401020518039523
0.4818608966091482
0.1331887038417573
0.9975409662192187
0.7540732051359134
0.18679304252152282
0.4774804126503709
0.39794294658412144
0.303599245817797
0.5275799854875404
0.47711159646525764
0.3538436792944102
0.7189883700671555
0.4512429553324699
0.4894712861740555
0.7281290367365355
1.0840540636609284
1.102841255942125
0.42267035236457406
0.4586007901618893
1.3990245538959716
0.4838869705110701
0.44097485213585585
0.7704166861335079
0.15195680243152113
0.5358507450252792
0.2183656582979893
0.4211480538319285
0.22098068860118747
0.453918072111123
0.20967367487037306
0.4604394995056893
-73.62119475776653
0.4371430702994565
0.8590389595991333
0.2795078966829285
0.5079406571422346
0.37912353958601464
0.4815834045897618
0.36386447623727713
0.0309427749617063
0.6889299344776426
0.4379133606809025
0.47029944462258555
-0.07163267212027281
0.8721075250743232
0.49364117979681915
0.5215666270512175
0.4598978111974538
0.2614898245253603
-72.06332026851116
-178418.14017077888
-17.170025578128207
0.47013004655860824
0.48369546239665595
0.42896173923270725
0.11253327035333223
0.4463526255837868
0.351177020933109
0.3739935650543678
0.6190139070123356
0.6097556606475977
0.49049920108496564
