-5130.770719355544 4
nan 4
0.36159350171160914 4
-0.8836802368726343 4
0.40817041403992854 4
0.5516545903556639 4
0.5727979142811599 4
nan 4
nan 4
-198.73740047696188 4
0.5341520833396493 4
0.5790840073181232 4
0.32273447291847973 4
0.3256688605779425 4
0.46820256692765816 4
nan 4
0.7266458994510693 3.6
0.642471089191068 3.6
0.4232145462179621 3.6
0.5117919224479567 3.6
0.646699683774426 3.6
0.583422428532488 3.6
0.6310303009121591 3.6
0.12788853895184477 3.6
0.48761845423277667 3.6
0.6081139531817485 3.6
0.6482749723821172 3.6
0.5060468538968572 3.6
0.5629568370179345 3.6
-643.6118943187881 3.6
0.4483140978324007 3.6
0.5196107680790464 3.6
-16.798991076867612 3.24
0.32408674791465036 3.24
0.6274960198217611 3.24
0.4696463710191501 3.24
0.4976243153126724 3.24
-7344.145438885753 3.24
-0.4885575312705916 3.24
0.7652804709911685 3.24
0.4766576408880239 3.24
0.5802365034676595 3.24
0.4278968260656229 3.24
0.5306334694349946 3.24
0.5974688967079319 3.24
0.469924098221457 3.24
0.7528827727542606 3.24
0.5823019827403794 3.24
0.5569018579072332 2.9160000000000004
0.38127614474553156 2.9160000000000004
0.4014303810842705 2.9160000000000004
0.4681313375390868 2.9160000000000004
0.4769648923402697 2.9160000000000004
-0.05534471025386573 2.9160000000000004
0.4559116279767336 2.9160000000000004
0.4134076959586579 2.9160000000000004
0.31688726926061195 2.9160000000000004
0.9958542549785409 2.9160000000000004
0.21703373720859698 2.9160000000000004
0.7633921826436203 2.9160000000000004
-1630.6802653388086 2.9160000000000004
-0.4631857836234646 2.9160000000000004
1.0525955043753628 2.9160000000000004
0.4944889141271851 2.9160000000000004
0.5369636875048784 2.6244000000000005
0.5391620581007636 2.6244000000000005
-648.0732363396456 2.6244000000000005
0.5001745365244746 2.6244000000000005
0.6305917809358951 2.6244000000000005
-2657.9595360537282 2.6244000000000005
0.6260820937015302 2.6244000000000005
0.3371202069426677 2.6244000000000005
0.3622679808478555 2.6244000000000005
nan 2.6244000000000005
0.4240952114652122 2.6244000000000005
0.4817938096047312 2.6244000000000005
0.5107899899809969 2.6244000000000005
-1.2097595301174098 2.6244000000000005
0.45176138260679927 2.6244000000000005
0.39865285786738136 2.6244000000000005
0.48547919820387553 2.3619600000000007
0.7268012287785558 2.3619600000000007
0.3704396967159693 2.3619600000000007
0.6925744164792006 2.3619600000000007
0.7710843208643688 2.3619600000000007
0.8758994986364311 2.3619600000000007
0.4097588067409043 2.3619600000000007
0.5609854981925813 2.3619600000000007
0.8492656177103696 2.3619600000000007
-0.4682788258732324 2.3619600000000007
0.5413998671668614 2.3619600000000007
0.5847789815169907 2.3619600000000007
0.5064897950348071 2.3619600000000007
0.5504646232340441 2.3619600000000007
0.45272936230190064 2.3619600000000007
0.5844520956548772 2.3619600000000007
0.43658253537390684 2.1257640000000007
0.37929758787675677 2.1257640000000007
0.34595647130059576 2.1257640000000007
0.7395170617161493 2.1257640000000007
0.16948435956454375 2.1257640000000007
0.76497330179834 2.1257640000000007
0.49685045516423726 2.1257640000000007
0.33950558620802135 2.1257640000000007
-1941.9667509817239 2.1257640000000007
0.633291539399877 2.1257640000000007
0.5772452176037104 2.1257640000000007
0.3348166286995237 2.1257640000000007
nan 2.1257640000000007
0.5135189829921243 2.1257640000000007
0.598067886110239 2.1257640000000007
0.6061212794777725 2.1257640000000007
0.6486216403288331 1.9131876000000005
0.46574580125515247 1.9131876000000005
0.5925646866925626 1.9131876000000005
0.4780488745470923 1.9131876000000005
0.465128006600726 1.9131876000000005
0.40798469337701837 1.9131876000000005
0.606923025136409 1.9131876000000005
0.5377062012260824 1.9131876000000005
0.47501405801549595 1.9131876000000005
0.5440127926957684 1.9131876000000005
0.5955593591729005 1.9131876000000005
0.3994974095688044 1.9131876000000005
0.5376106295503358 1.9131876000000005
0.38748521189057805 1.9131876000000005
0.4847962284818792 1.9131876000000005
0.48393685542968484 1.9131876000000005
0.30064261034534673 1.7218688400000006
0.5407012840659692 1.7218688400000006
0.6931355277991397 1.7218688400000006
0.4003623060454113 1.7218688400000006
0.33862829423324814 1.7218688400000006
0.40559775231086687 1.7218688400000006
0.26952781615395943 1.7218688400000006
0.6615315918908057 1.7218688400000006
0.08807725539035856 1.7218688400000006
0.09522249139654042 1.7218688400000006
0.6258154481398429 1.7218688400000006
0.4837660333446187 1.7218688400000006
0.487839740052713 1.7218688400000006
0.6433860686302839 1.7218688400000006
0.6154603883068841 1.7218688400000006
0.18736138167139385 1.7218688400000006
0.15226017966798863 1.5496819560000006
0.55354335770347 1.5496819560000006
0.5383551237006879 1.5496819560000006
0.40384806131992296 1.5496819560000006
nan 1.5496819560000006
0.5320251908316013 1.5496819560000006
0.7195986854067944 1.5496819560000006
-966.1628302757098 1.5496819560000006
0.31498804270868713 1.5496819560000006
0.9718300703944074 1.5496819560000006
0.9225876089298573 1.5496819560000006
0.47641220650640387 1.5496819560000006
0.6528044564335412 1.5496819560000006
0.4467303230243131 1.5496819560000006
0.46034592827793813 1.5496819560000006
0.5692284582466709 1.5496819560000006
0.48730712322937614 1.3947137604000006
0.6830957937409963 1.3947137604000006
0.5243605466878017 1.3947137604000006
0.5104246662667414 1.3947137604000006
0.7655547266156941 1.3947137604000006
nan 1.3947137604000006
0.521751930664417 1.3947137604000006
0.5723861367757014 1.3947137604000006
0.31265940328258135 1.3947137604000006
0.6073343988997849 1.3947137604000006
-0.044508818603474755 1.3947137604000006
0.9345463822428445 1.3947137604000006
-208.182174757408 1.3947137604000006
0.6284259559130126 1.3947137604000006
0.3576027387512671 1.3947137604000006
-0.7074863365915554 1.3947137604000006
nan 1.2552423843600007
-137.70882937303634 1.2552423843600007
0.5490579314691144 1.2552423843600007
0.7203620740177611 1.2552423843600007
0.5065808443548631 1.2552423843600007
0.4192009802006534 1.2552423843600007
0.48686729009108487 1.2552423843600007
0.4926259743668513 1.2552423843600007
0.5097808793113324 1.2552423843600007
0.546167181837368 1.2552423843600007
0.5673908892062215 1.2552423843600007
0.4506943459445472 1.2552423843600007
0.4831985005558261 1.2552423843600007
0.47756299355947435 1.2552423843600007
0.7369104838194614 1.2552423843600007
0.5467055060481832 1.2552423843600007
0.29775733617253686 1.1297181459240007
0.4272445399297024 1.1297181459240007
0.7460076595066268 1.1297181459240007
0.39481462920674143 1.1297181459240007
0.4560185052072356 1.1297181459240007
0.4141313767044647 1.1297181459240007
0.5491700669269349 1.1297181459240007
0.7938344111468202 1.1297181459240007
0.5194348988212497 1.1297181459240007
1.1609193590401194 1.1297181459240007
-9.806037861453031 1.1297181459240007
0.33782048333925263 1.1297181459240007
0.20019943524329611 1.1297181459240007
0.48944391430568973 1.1297181459240007
nan 1.1297181459240007
0.7463539658417901 1.1297181459240007
0.4914420409028258 1.0167463313316005
0.2498459334648426 1.0167463313316005
0.8442953529283556 1.0167463313316005
0.8682240617933689 1.0167463313316005
0.7365874297439748 1.0167463313316005
0.4052450247108177 1.0167463313316005
0.5227740753217849 1.0167463313316005
-0.16694342648691704 1.0167463313316005
0.3783929981588254 1.0167463313316005
0.5140967293586979 1.0167463313316005
0.614141105711741 1.0167463313316005
0.6708359383507297 1.0167463313316005
0.7331687258810167 1.0167463313316005
0.6282054895583552 1.0167463313316005
0.36894008193696787 1.0167463313316005
0.38932502304999805 1.0167463313316005
0.4154416976391911 0.9150716981984405
0.8632386955082239 0.9150716981984405
