-3822.96302865864 4 4.0
-2026.928685755304 4 4.0
-3452.632190163364 4 4.0
-5445.355842889241 4 4.0
-21884.792601129782 4 4.0
-861.2218644098639 4 4.0
-5593.549746185716 4 4.0
-26831.535723370846 4 4.0
-3045.929167857043 4 4.0
-18519.554929863913 4 4.0
-12107.17630780553 4 4.0
-254.54359632112076 4 4.0
-2056.9876656556885 4 4.0
-15070.227974476356 4 4.0
-735.7638257853581 4 4.0
-38779.419750907015 4 4.0
-288.5633204041826 4 4.0
-2327.576181094962 4 4.0
-869.9796834831035 4 4.0
-25390.947961763377 4 4.0
-33634.70226670578 4 4.0
-291624.71053485334 4 4.0
-445.32555528933113 4 4.0
-232.99557876137737 4 4.0
-1564.9965254605033 4 4.0
-7138.188607824853 4 4.0
-3963.5733733281136 4 4.0
-3472.1567542329763 4 4.0
-10147.603308712978 4 4.0
-867.539510232124 4 4.0
-4931.580234931985 4 4.0
-15202.196344837053 4 4.0
-5471496.361816105 4 2.0
-423787.73155233916 4 2.0
-107897.28523705907 4 2.0
-3330438.7594250715 4 2.0
-106252.92655641958 4 2.0
-70963.86985233358 4 2.0
-97281385.18909442 4 2.0
-18234410.464724053 4 2.0
-256385.4301181198 4 2.0
-136391.7100739268 4 2.0
-3601204.3007913516 4 2.0
-205727.52886723596 4 2.0
-7697282.800362875 4 2.0
-20022636.258627705 4 2.0
-17489400.069760542 4 2.0
-529260861.1354289 4 2.0
nan 4 2.0
-2890609.564700777 4 2.0
-585327.5614116084 4 2.0
-128045001.8113143 4 2.0
0.4407640638699413 4 2.0
0.37179225369098834 4 2.0
nan 4 2.0
0.5030362542494818 4 2.0
